x = 0.5:
3 3 4 4 3 3 5 4 1000 4 3 4 6 3 1000 1001 1002 3 4 5 4 5 3 3 4 4 3 3 6 4 3 5 3 4 3 1003 8 3 932 4 5 1001 3 3 3 3 5 4 1001 4 5 5 1000 3 5 3 1001 3 1001 3 3 1001 1004 4 4 3 3 3 4 4 1001 4 3 3 3 1001 1000 3 1002 4 1000 4 3 5 6 5 1002 3 4 4 3 1000 4 8 3 3 3 1001 1001 1000 4 3 1001 3 3 1003 4 3 5 1001 4 1005 4 3 3 3 8 1004 7 4 3 3 4 1001 5 4 4 1001 3 3 1001 1000 3 4 3 1000 3 4 3 4 4 3 3 3 4 3 3 3 4 3 3 1003 4 3 3 3 4 3 1000 4 1005 3 5 3 5 1001 5 4 3 4 3 4 4 3 3 3 6 30 3 1008 6 1002 3 3 5 1000 1001 1002 3 5 3 5 4 3 4 1001 1002 3 3 5 1000 3 8 3 4 1001 6 3 1003 3 4 3 1001 3 5 4 4 3 1000 1000 3 5 1001 4 1000 1000 6 4 3 3 4 3 3 3 4 5 3 4 3 1001 3 4 1004 1002 1002 5 4 3 3 3 3 5 6 5 3 5 3 1002 3 3 4 3 5 1003 3 1000 3 3 3 1000 3 4 3 1000 3 3 3 3 4 1003 8 3 3 3 4 3 3 1003 3 3 1000 3 1002 4 3 4 5 6 1002 4 3 4 4 3 3 3 3 5 4 3 3 6 7 4 4 4 3 3 1003 1002 5 7 3 5 3 3 4 1000 4 3 3 1000 4 3 3 3 4 1002 3 1000 3 1000 4 3 5 6 1002 1000 4 3 3 10 3 4 1007 5 1001 4 3 4 3 4 7 3 5 3 4 3 1002 3 3 1003 3 1003 3 1001 5 4 6 4 1002 3 1001 4 3 5 4 4 5 4 4 3 3 3 7 3 6 1002 4 
x = 0.55:
4 3 3 3 6 1002 4 4 4 7 7 3 3 3 4 3 4 3 3 5 4 3 1003 3 4 1002 4 4 3 3 1003 3 3 3 1002 3 4 3 3 9 6 4 5 5 4 3 1003 4 3 7 3 3 1001 5 4 3 4 4 4 3 1002 3 3 4 3 1003 5 1002 4 4 1003 3 1004 4 3 4 3 3 3 4 1002 3 5 3 3 7 1002 3 3 1004 1002 4 4 3 3 5 5 3 1003 1003 1001 1001 1005 3 3 5 9 8 4 1005 3 3 3 4 3 3 3 5 4 4 3 1003 3 3 3 3 3 4 3 4 3 3 1001 3 3 4 3 1001 5 3 1003 1002 3 6 5 3 3 1003 3 6 5 1003 3 5 5 4 1002 1006 3 4 4 3 4 3 1001 4 1002 3 3 5 3 4 4 5 3 3 3 1004 5 4 4 6 4 1004 3 3 3 3 5 3 4 1002 3 4 1005 1001 4 3 7 3 1002 1004 726 1003 5 4 7 3 5 3 1006 7 3 3 3 1002 5 4 1001 1003 3 3 3 5 3 1001 3 3 3 1008 3 6 3 1002 3 1002 4 5 3 4 3 5 3 4 7 3 5 4 3 4 1002 3 3 4 5 4 3 3 4 3 3 1000 3 1002 5 5 7 4 3 4 4 1002 1002 4 3 3 1001 1003 4 4 3 3 1003 5 5 4 4 1001 4 4 3 3 4 4 7 3 3 4 4 4 1006 4 1002 3 3 4 9 7 3 1001 7 3 986 3 3 7 5 4 5 5 1004 1002 1005 3 3 8 4 3 4 1003 3 4 4 3 4 3 7 8 6 6 4 1001 3 4 7 3 3 3 3 6 3 1002 4 7 5 4 3 6 4 4 4 3 3 4 1007 3 1004 3 9 4 3 1002 3 4 5 3 1002 1002 8 1002 1002 7 3 3 4 6 1002 1001 3 3 1001 4 3 1002 4 1006 6 3 6 
x = 0.6:
6 7 3 4 3 5 4 3 6 1002 4 3 4 3 1000 3 1002 3 3 3 4 3 3 5 3 6 4 3 931 4 3 6 3 3 6 7 1001 3 7 3 3 6 7 1001 6 1001 3 4 1002 3 1002 3 5 4 1002 1003 1003 1002 3 3 4 4 5 3 3 4 4 3 4 5 3 998 1002 7 1001 5 6 3 3 1000 1002 5 1001 3 3 4 3 3 3 1003 5 3 7 5 3 1001 4 3 5 3 3 6 3 3 3 1000 4 3 1002 1001 3 4 1003 3 5 3 7 5 6 5 3 3 3 1004 3 3 1000 3 1000 1005 3 1001 1001 3 5 3 3 7 4 3 3 3 5 4 3 1004 6 4 3 6 5 3 5 1003 5 1001 6 1001 8 3 8 1001 3 1001 4 4 4 3 4 1001 3 5 3 3 4 3 4 3 3 4 1001 7 4 3 5 3 3 7 4 6 6 3 5 5 6 4 3 5 5 1002 3 4 4 3 3 1002 4 1002 4 3 3 3 1002 1003 7 1002 3 3 3 4 3 1003 4 3 5 4 4 1001 3 5 3 4 5 4 4 4 4 3 4 3 1004 3 1004 1001 4 3 3 4 5 1003 1003 3 3 4 4 9 3 3 3 4 4 1003 1001 3 3 4 4 3 3 3 1004 3 3 1002 3 3 3 3 3 5 3 6 4 1002 3 3 3 1002 3 1001 1002 1003 3 3 3 4 3 5 4 5 5 3 3 3 4 3 3 3 3 4 5 3 3 4 3 3 1007 3 3 6 5 3 4 3 3 3 3 5 1001 1003 3 3 4 4 3 5 3 5 3 4 3 3 1003 4 6 3 4 4 3 3 3 3 3 3 4 8 1001 4 3 3 1004 4 5 4 3 4 3 5 1000 3 4 3 5 900 1002 6 3 3 3 4 4 3 1002 3 1000 3 5 4 3 3 1005 4 4 5 3 3 3 1004 1002 
x = 0.65:
998 7 5 4 3 3 1002 1001 4 3 4 4 4 3 4 4 3 1003 3 3 5 1004 3 995 3 3 4 5 4 3 6 3 3 4 1002 3 1002 1002 3 4 3 1004 4 1001 3 7 3 3 6 4 1001 1003 3 1001 1002 3 3 4 3 7 1001 3 5 3 1003 6 3 4 5 4 6 3 6 1001 1003 3 1001 3 3 3 1001 1003 1003 3 3 3 1001 4 4 5 3 3 3 3 3 1000 1003 3 3 1002 3 3 3 5 5 1000 4 1004 1001 3 5 5 3 4 3 1001 1002 3 3 3 4 3 5 1002 999 3 3 3 1002 7 6 3 3 5 4 7 1000 1001 4 4 3 4 5 3 4 1003 3 1003 3 5 3 3 1001 6 3 1003 1002 4 1002 3 6 7 6 3 4 3 1002 4 3 3 3 5 4 4 3 3 5 1001 3 3 3 4 4 1001 7 4 1002 3 1003 5 3 1001 4 4 990 4 3 3 4 4 3 3 5 1000 4 3 4 4 1003 3 5 4 3 3 3 1001 4 4 4 4 5 3 3 3 1002 4 5 1004 3 4 5 3 4 1000 1001 3 3 3 3 3 4 3 3 3 3 3 5 3 3 3 3 3 3 3 3 3 3 1003 1006 1004 1003 1002 3 1001 5 7 3 6 6 3 1003 4 1003 1003 1003 1002 1005 5 3 3 3 5 3 5 3 3 1001 3 1003 5 6 6 4 1001 3 3 3 3 3 4 3 3 1005 7 4 1000 3 1002 3 3 4 3 1003 3 1003 3 4 3 3 4 1002 5 3 3 5 953 3 3 1000 4 3 3 5 6 1005 3 6 1001 5 3 1003 5 7 5 3 3 3 3 3 3 3 3 5 1000 3 4 3 3 3 3 1000 3 3 3 3 1003 1000 5 3 3 4 4 4 1003 1000 3 1003 1003 4 5 3 4 3 6 4 3 1002 4 3 3 1000 3 3 4 3 3 3 4 1005 
x = 0.7:
3 4 3 3 5 1000 3 3 6 4 4 60 3 3 7 3 4 3 3 3 3 3 5 3 3 1002 6 5 6 1002 3 7 3 6 5 1002 3 6 5 1001 3 3 3 1001 3 1000 4 1005 5 1001 1003 7 3 3 4 4 4 3 1001 4 3 1001 4 6 3 3 1002 1001 3 5 5 1002 4 1002 4 1002 3 8 5 5 5 3 1003 1001 3 5 6 5 3 3 3 1002 9 5 3 4 4 5 3 4 4 6 1004 1002 1002 8 3 1000 3 3 1002 3 3 3 1001 3 4 5 3 3 3 4 4 3 3 5 3 1001 4 1003 3 3 3 3 3 1001 3 3 5 4 4 4 4 1000 999 3 3 1000 3 4 3 1000 1003 3 1001 5 1002 3 4 3 1001 4 6 3 3 1004 5 3 1001 3 4 1002 1003 4 1001 1005 1002 3 7 1003 4 3 5 3 3 3 3 1002 5 4 1003 3 5 3 5 1002 3 4 5 1001 4 9 1001 4 1001 3 3 3 5 5 3 1006 3 3 7 3 6 8 3 3 3 3 3 4 4 3 4 4 4 3 1001 4 1001 3 1005 3 3 3 3 4 3 4 5 3 4 1000 1001 6 3 1000 3 1001 5 6 4 1001 3 3 4 4 3 4 1002 1000 6 5 3 1001 5 1003 4 6 1005 3 3 3 1001 1000 6 3 1003 6 1001 3 1003 1002 3 4 4 7 1003 4 1001 4 6 3 3 4 5 977 3 1002 1002 3 3 4 1001 4 1003 6 3 1005 6 3 7 3 3 1001 923 7 3 3 3 3 4 6 5 3 1002 4 999 3 3 3 3 3 4 4 3 3 4 3 3 5 3 1000 6 1003 3 3 5 1000 3 1001 3 3 4 3 7 1000 4 8 1002 3 3 4 4 4 3 3 1000 6 5 5 5 4 4 3 1000 3 540 8 3 3 5 3 1004 7 1001 4 3 1000 5 1001 1001 3 3 4 3 
x = 0.75:
6 5 3 5 1006 1004 4 3 3 3 3 3 5 4 3 3 4 4 7 6 4 1003 3 4 3 1002 3 4 1002 3 1002 1003 1003 5 4 5 1003 1004 3 3 3 3 3 3 3 4 5 7 3 4 4 3 3 3 6 3 5 3 4 6 3 1002 3 4 4 3 4 3 1002 3 5 1002 4 1002 4 3 1002 5 5 1001 1001 1002 3 3 1001 3 6 4 4 6 5 4 5 3 3 4 4 4 3 1002 1002 3 5 6 1002 3 1001 4 5 3 6 1002 3 4 3 5 3 3 4 4 3 4 4 3 3 3 3 4 1113 3 4 4 5 3 4 3 5 5 1002 8 3 3 1001 1005 3 3 5 4 3 3 3 1002 3 1003 3 1005 3 1000 3 6 3 8 3 3 3 5 3 1002 3 3 7 5 4 5 4 5 3 7 4 4 3 1002 7 3 4 3 3 1003 1002 3 3 3 5 5 1004 1005 4 7 3 1003 3 4 1005 1008 3 3 3 5 3 1001 5 3 5 3 3 4 3 5 3 1001 3 7 3 1001 3 4 3 1001 3 4 5 3 3 1002 6 3 1001 3 3 4 3 1003 1004 6 1001 4 1002 1003 5 1004 5 4 3 1001 1002 1003 3 3 3 3 3 3 3 3 3 3 5 4 3 3 4 4 3 3 1003 3 3 1003 4 3 3 3 3 3 3 3 6 3 3 3 1001 3 6 4 3 1002 4 4 3 1003 1003 3 5 3 3 1003 1002 4 3 3 4 3 5 4 3 8 3 4 1004 5 1004 6 3 3 4 1005 4 4 3 3 1004 1001 4 4 1003 4 1003 3 4 4 4 3 1003 1002 1002 4 3 3 4 3 3 5 1001 3 3 6 4 3 3 1002 1004 3 4 1005 4 3 4 1002 3 4 3 3 3 3 5 4 1003 6 1003 4 5 1001 5 5 3 5 3 4 3 5 3 7 3 4 3 5 5 5 1002 
x = 0.8:
3 3 1000 3 3 5 1000 5 1002 1002 4 3 5 1000 3 1003 5 3 4 1006 9 1003 3 3 5 4 3 3 3 5 1002 4 3 5 4 5 4 4 3 3 3 5 1000 5 5 3 3 1001 5 3 3 1001 1001 3 4 3 3 1001 4 6 4 3 4 4 3 3 4 6 3 4 3 1003 1003 4 3 5 1003 1001 3 4 3 1000 7 3 7 1001 3 1000 1000 6 4 5 5 4 6 3 3 4 3 3 3 3 5 4 5 6 3 3 3 5 1004 3 1003 1000 5 3 3 4 3 1005 4 1005 4 3 7 1001 1001 985 4 3 3 4 4 5 6 4 9 3 3 3 4 4 5 3 4 1001 3 3 3 3 5 4 1000 4 1000 4 3 4 3 4 5 3 3 3 4 6 3 5 3 5 3 4 1002 4 4 3 4 3 1004 3 3 3 4 1000 3 4 1001 4 1001 4 1000 1001 3 1002 3 1001 3 7 4 6 6 3 3 5 1000 4 3 4 6 3 3 3 4 3 3 1002 3 3 3 5 3 5 5 1000 3 3 3 1001 7 3 5 1002 3 4 3 8 5 4 3 3 4 3 4 3 1002 4 4 3 6 3 3 4 4 3 5 7 3 1002 3 3 1001 6 3 3 3 5 4 3 4 5 3 1001 1001 4 1002 3 5 5 4 3 3 3 1003 6 4 3 4 6 3 3 3 3 8 3 3 1001 1000 3 1000 3 3 3 4 5 3 1006 4 5 3 9 4 3 3 3 725 1001 4 5 3 5 3 5 4 4 3 3 4 3 1001 4 7 3 3 5 3 6 4 3 3 3 3 3 3 3 3 3 3 6 3 1001 6 1003 3 4 1000 5 5 6 3 1000 5 3 3 4 997 8 5 4 1000 1005 4 4 5 3 1002 3 1001 5 4 3 4 3 1002 4 3 1001 5 5 3 3 3 3 5 1002 5 4 4 1002 3 
x = 0.85:
1001 3 1001 5 4 3 3 962 3 1001 4 3 997 4 3 3 3 1001 4 5 3 5 3 3 1001 3 1001 1003 3 4 1002 1001 3 3 4 962 4 3 3 3 4 8 5 3 3 1006 5 3 3 5 3 3 1001 5 3 1002 1001 6 3 3 3 4 1002 6 3 6 3 4 8 3 1002 7 1000 3 3 3 4 5 1003 6 3 3 839 5 3 7 8 4 4 3 4 1003 1002 4 1002 3 4 3 3 4 4 4 4 4 4 4 3 1001 4 3 3 6 3 3 4 4 4 5 3 5 5 6 3 3 4 3 5 4 7 3 3 7 3 3 1002 4 3 6 4 4 4 5 3 1002 6 4 3 3 1000 1001 3 7 4 4 7 3 3 5 4 1000 3 3 5 1004 4 3 1005 4 3 8 1001 3 5 3 5 3 3 5 4 4 3 6 3 1002 3 3 5 3 3 5 3 4 1003 4 4 4 4 3 3 5 5 6 3 3 1001 3 5 3 8 3 4 3 3 6 1010 5 3 1002 3 1007 1001 3 3 3 4 3 5 1001 1001 3 1002 4 3 4 1002 6 1001 3 3 3 3 4 3 3 1000 3 1002 3 1001 1004 3 3 1002 7 4 1002 3 5 1002 3 3 3 3 5 4 3 3 5 5 7 4 3 1002 3 3 1001 3 6 4 6 6 3 5 5 4 3 1003 3 1006 3 5 3 4 3 4 4 3 6 3 3 5 6 5 3 4 3 3 3 986 1001 4 3 1004 6 3 3 7 3 3 3 3 4 6 3 1003 3 3 793 6 4 3 8 5 3 3 4 3 5 3 1004 4 4 3 3 3 6 4 5 3 3 7 1002 3 4 3 4 4 3 3 3 4 3 4 1002 1003 3 3 5 6 4 1002 4 3 3 4 4 4 3 6 4 3 4 5 4 3 3 5 3 3 3 5 907 3 1003 1001 1004 3 3 3 
x = 0.9:
3 3 3 3 4 3 3 5 5 3 3 5 3 999 3 3 3 3 1003 4 1005 3 4 3 4 3 5 1000 3 3 5 7 3 6 3 3 3 3 4 5 4 1003 3 1000 3 3 1003 1004 1000 3 4 4 1000 4 3 4 5 5 4 3 1000 4 4 4 5 6 5 3 3 5 4 1001 4 3 6 3 4 3 3 3 3 3 5 5 4 3 1003 237 6 3 5 4 3 6 3 4 4 1001 1003 4 4 4 4 5 4 3 3 1001 3 1004 1002 9 6 1003 1000 3 5 3 3 3 1004 5 1003 3 1000 4 3 5 3 977 3 3 4 6 4 5 3 4 4 5 4 3 6 1005 3 7 1002 7 3 3 1001 1000 1003 3 5 3 3 3 1001 4 3 4 1000 5 3 5 8 4 5 1002 1004 3 3 3 1002 3 4 6 5 5 3 3 3 3 1000 3 4 1000 3 3 3 3 4 3 1000 3 3 3 3 4 4 8 3 3 4 5 998 5 5 5 3 4 4 4 1004 3 4 3 1002 6 4 3 1003 4 3 6 3 3 3 1001 1000 4 3 4 3 3 4 10 3 1003 4 5 1001 3 6 1002 1001 3 3 3 1000 5 1003 3 989 5 4 3 1001 4 4 998 3 4 3 4 9 4 3 3 4 1002 3 3 1000 4 4 4 3 6 3 5 4 4 1002 6 3 3 3 5 3 3 6 1001 3 3 4 3 4 1002 5 1001 3 4 1001 1000 3 1004 4 4 3 7 6 4 1001 5 4 3 1004 3 6 3 3 3 4 1001 4 3 4 1004 3 3 3 4 3 3 3 3 3 3 3 3 3 1001 8 5 3 4 1003 4 5 4 3 3 1000 7 3 6 4 3 3 3 3 3 3 3 3 3 4 4 3 4 3 4 4 4 1000 3 3 1001 4 6 3 5 4 5 3 3 3 4 4 9 3 3 1001 1001 3 8 3 
x = 0.95:
5 1002 1000 3 3 3 4 3 3 4 1001 4 4 7 4 3 958 5 4 3 3 3 3 4 3 1005 6 4 3 3 3 3 4 4 3 3 5 6 3 3 4 4 3 4 4 3 3 1002 3 4 1004 1001 6 3 4 1001 3 3 3 3 4 3 3 3 3 3 1004 3 995 4 4 4 3 4 3 3 4 3 1001 3 1001 4 5 4 8 3 3 5 3 3 3 3 3 3 3 10 1003 4 3 3 4 5 3 3 3 3 3 1001 3 3 4 5 5 3 3 3 3 3 4 1002 1003 1003 3 1002 5 3 4 3 994 5 6 1001 1001 6 3 4 1003 9 1001 3 4 4 7 3 5 3 3 3 3 3 5 1003 1000 4 3 3 4 1001 7 4 4 4 3 3 3 3 4 3 3 5 6 3 4 4 3 6 1001 1001 1001 3 3 4 3 3 1002 7 4 3 3 6 7 1000 5 3 6 4 4 3 3 3 5 3 3 4 3 7 6 3 3 1002 3 4 4 3 3 4 1001 4 1003 1003 1004 3 4 3 4 3 3 1000 4 3 3 4 3 1001 4 3 1001 3 3 3 7 5 1001 4 3 4 1001 1001 3 5 1003 5 919 5 6 4 6 4 1004 5 3 6 5 6 3 3 3 6 3 3 3 3 1002 4 3 1003 3 4 3 3 1003 6 7 4 4 4 4 4 1003 5 3 3 3 3 5 4 4 1002 1002 5 4 3 1002 4 6 3 980 3 4 1000 3 4 4 3 3 1002 5 5 3 3 3 3 3 3 3 4 3 3 3 3 3 4 3 999 1000 3 3 3 1001 3 3 5 5 5 5 3 4 6 4 3 3 4 3 3 3 4 6 6 4 3 4 1000 5 1004 4 4 3 4 3 3 1002 4 6 5 1001 3 3 4 4 3 3 1000 3 4 3 3 1000 4 3 6 4 1003 5 3 3 3 5 4 3 
x = 1.0:
6 1002 3 3 5 4 3 4 1004 4 4 3 1003 4 3 5 1006 6 7 4 6 1002 3 1002 5 998 1002 5 4 3 3 5 3 3 5 4 3 4 3 5 3 4 1001 4 4 3 1003 1006 4 3 3 3 3 5 3 4 3 3 3 4 3 4 3 3 5 3 3 3 8 994 4 5 5 3 4 894 3 3 6 5 4 1004 1006 3 1002 3 5 3 1000 3 4 3 3 3 3 1001 3 3 4 3 5 4 1002 5 3 4 3 3 1002 1005 3 1002 3 3 3 3 3 3 6 10 4 3 9 3 4 4 3 3 1001 3 3 3 3 4 4 3 1002 3 4 3 3 3 1002 3 3 1000 6 3 5 4 3 5 3 1004 3 4 3 3 5 1001 3 3 3 1002 3 4 3 4 3 3 5 3 3 1004 1001 5 3 1001 3 3 3 3 3 4 6 4 570 7 1007 7 3 4 3 4 3 3 3 1004 8 5 3 4 5 7 3 3 3 5 3 3 3 6 3 3 1004 3 4 5 1007 3 6 4 3 950 6 3 1001 3 8 4 3 3 3 5 3 3 3 3 3 5 5 4 1001 5 3 5 4 4 4 5 5 5 4 3 3 3 1001 6 3 3 3 4 1003 3 7 4 3 4 3 3 1002 5 3 4 3 4 3 4 1003 1001 3 3 1002 3 1005 3 1001 3 4 4 6 3 3 3 5 1003 4 1003 4 4 6 4 5 3 3 5 3 3 3 4 5 3 3 3 4 3 6 5 4 4 4 3 5 3 3 1002 3 3 4 3 5 3 4 3 3 7 3 3 3 1002 7 4 3 3 3 5 7 3 3 1001 3 7 3 3 3 4 4 3 4 3 4 1006 7 5 3 3 3 3 3 3 3 4 6 5 3 5 1000 1001 3 3 3 5 3 6 6 6 3 3 6 4 3 3 1004 1006 4 1004 3 3 4 
x = 1.05:
3 3 1007 1000 3 3 4 4 5 3 5 6 5 3 3 5 3 3 5 3 5 3 4 4 5 3 3 4 5 4 5 1002 4 3 4 1002 3 7 4 3 1004 4 5 1003 4 4 4 3 5 3 4 1002 3 4 3 4 3 3 5 4 3 4 4 3 1003 1004 3 6 7 3 6 3 4 5 1000 3 3 4 5 4 1002 3 4 4 5 3 4 3 3 4 1002 3 4 7 6 3 1004 4 3 4 3 3 3 7 3 4 4 5 3 3 5 3 4 8 3 3 3 3 3 1001 3 7 6 3 3 1004 4 4 4 3 4 4 1002 4 5 4 1001 4 5 4 1002 3 3 1003 5 4 3 4 4 3 4 3 4 1003 5 1002 4 3 6 7 5 999 3 3 3 3 3 3 3 3 1001 1001 3 3 5 589 1004 1002 4 3 1004 3 3 4 3 3 4 994 3 5 1003 3 6 3 3 4 7 1002 4 1002 3 3 1001 6 3 3 1004 4 4 999 3 3 1002 5 3 3 1006 3 1002 6 3 8 1003 6 3 3 1000 3 3 3 3 3 1001 3 3 5 1004 4 4 4 5 6 6 6 3 4 473 3 4 5 3 3 1004 3 3 3 3 3 1001 3 5 3 7 6 3 3 1001 5 1005 3 4 5 1002 5 5 3 3 3 1001 3 1000 3 4 3 3 3 3 5 4 4 3 3 4 3 1003 3 3 3 3 5 3 3 1001 3 4 3 4 5 4 3 4 3 3 1002 3 1001 3 4 7 6 4 4 4 4 3 6 3 4 6 3 4 4 3 897 6 3 4 3 4 3 4 3 3 4 3 3 3 1001 1001 1005 3 3 4 4 4 4 1003 3 3 7 4 3 5 4 4 4 5 3 3 3 1001 6 3 1002 3 3 1002 3 3 1002 4 1002 3 3 997 3 1002 3 4 1004 7 5 6 3 3 3 3 3 1003 
