x = 1.1:
3 3 3 4 3 3 5 1001 3 5 4 3 3 1003 3 6 3 5 3 3 1001 3 3 6 1000 3 3 5 4 7 4 3 4 1003 3 4 4 4 1002 3 4 6 3 3 4 3 6 3 3 4 3 3 3 5 3 3 4 1000 4 5 1004 4 1005 4 3 4 4 8 7 4 5 1003 6 4 5 3 1006 1002 3 5 4 3 5 4 4 3 5 3 1001 3 4 5 5 810 1000 6 5 3 999 4 3 4 3 4 7 3 3 4 4 1000 3 3 1003 4 3 3 1000 3 4 5 5 3 3 3 3 5 4 1006 4 4 4 4 3 4 4 4 3 3 5 1003 3 4 3 1006 5 3 4 4 5 3 3 3 6 1005 3 3 1001 4 1003 5 3 1004 5 3 3 3 3 5 3 4 5 1002 1004 5 3 4 3 4 3 6 4 1005 3 5 5 4 3 5 1005 5 3 3 3 3 4 5 3 3 3 3 6 3 3 5 4 3 3 4 3 3 3 4 4 4 1003 3 4 3 3 7 3 3 3 7 3 4 3 4 26 3 3 3 4 3 5 4 3 5 3 3 4 5 1004 3 4 3 3 5 1006 3 3 4 5 4 1001 3 1009 3 7 3 3 3 3 3 4 4 5 3 1001 5 4 3 5 3 3 1001 4 5 3 3 3 4 5 4 6 3 3 1002 1002 3 3 3 1001 3 4 3 4 3 6 3 3 3 4 7 7 7 5 1000 3 4 1003 3 4 3 3 4 3 5 4 5 3 8 3 3 1001 3 3 1002 5 4 5 1000 8 6 4 3 1001 3 4 3 3 3 1002 3 3 4 4 4 1002 1006 3 4 3 5 829 3 3 3 3 3 3 4 4 4 5 4 3 4 4 3 4 3 4 5 3 1004 3 1005 3 3 4 3 1002 1004 3 6 3 4 1002 5 3 7 3 3 3 3 5 3 4 
x = 1.15:
3 4 4 3 3 1004 3 5 3 3 4 3 3 4 4 5 3 4 1004 4 4 5 5 3 5 1006 3 3 1004 3 3 3 3 7 4 3 5 5 3 1005 1002 5 3 5 4 4 3 4 3 3 3 3 3 1002 4 4 3 1002 5 3 4 3 4 3 5 5 6 1001 4 4 3 7 3 3 3 3 1002 5 5 4 3 1002 3 4 4 6 3 3 4 3 3 5 3 3 4 5 3 4 1003 4 1002 4 5 4 3 3 7 3 1003 3 1003 3 3 3 3 5 3 5 3 7 6 3 3 5 4 3 3 3 3 3 1001 1001 999 6 4 3 3 3 8 4 3 3 3 3 1002 3 5 3 3 3 3 1001 3 3 3 5 3 3 4 3 4 3 3 3 3 3 3 5 4 6 6 3 3 3 5 4 3 4 5 1005 3 3 3 1004 139 4 7 3 3 3 3 3 4 6 3 3 3 3 6 3 3 3 3 3 3 4 3 3 3 3 3 4 4 6 4 6 4 4 3 3 4 1004 3 3 4 3 3 3 4 1009 5 4 4 6 4 3 1002 4 4 3 3 3 3 3 4 4 4 5 3 4 5 979 3 6 3 4 6 1001 3 3 3 5 4 4 4 3 4 3 8 4 3 6 3 3 1007 4 3 3 3 3 3 1004 4 4 4 3 5 1005 3 5 4 1003 3 6 5 7 3 3 3 3 6 4 3 3 3 4 5 1004 4 1003 4 4 5 7 4 3 3 3 3 1003 3 4 3 3 4 3 3 4 3 6 3 5 3 3 4 5 3 4 3 6 4 3 3 3 7 1004 4 1004 3 4 3 3 6 3 3 4 595 1002 6 3 6 5 3 1003 3 7 6 3 3 4 3 6 3 3 7 1012 3 3 1008 3 3 7 3 3 3 3 3 3 3 4 3 3 4 4 3 7 4 4 1000 
x = 1.2:
4 6 1001 4 6 3 4 3 3 4 4 3 4 3 891 3 4 1002 3 3 4 3 4 6 4 3 4 4 4 3 1006 3 3 4 1001 3 3 3 4 3 3 3 3 3 3 6 4 3 4 991 3 3 3 3 3 4 1004 4 3 3 4 4 3 6 1003 4 3 5 3 4 1004 6 3 5 3 3 3 3 1003 3 3 4 3 5 5 3 1005 4 4 5 3 993 3 3 4 3 4 3 3 4 5 4 3 4 3 3 5 3 3 1001 4 6 3 7 940 5 1002 3 4 3 5 1002 3 3 3 3 4 3 3 3 1002 5 3 3 5 3 3 3 3 4 3 1002 5 4 3 3 4 3 4 3 6 5 1001 5 3 1000 5 1002 6 3 4 3 3 3 3 3 3 4 3 3 6 3 1000 4 5 3 3 3 1002 4 3 3 3 3 4 3 5 3 3 3 4 993 3 1005 4 4 3 1002 4 3 4 7 5 4 3 6 3 3 5 8 4 5 4 4 1001 5 3 4 4 3 3 4 1003 3 4 3 4 3 5 4 3 4 8 3 6 4 951 5 3 4 6 998 6 5 3 3 4 3 4 3 4 3 5 3 4 3 3 3 4 3 3 8 1003 1003 3 3 3 978 3 3 1004 7 3 4 5 3 3 4 3 4 7 4 3 3 3 3 3 3 3 4 4 3 4 3 3 4 3 982 4 5 1003 3 5 93 4 3 3 3 4 3 3 3 7 3 3 1002 3 4 3 3 4 4 4 3 3 6 4 5 3 3 6 3 1001 5 3 3 4 3 5 3 4 3 3 3 3 5 992 3 3 3 3 1002 933 1000 3 5 4 3 4 1001 3 4 4 1000 6 3 4 4 5 3 7 7 8 4 3 6 5 1005 3 4 3 5 4 3 6 5 545 3 3 4 3 3 3 3 3 3 1001 4 3 
x = 1.25:
3 3 1008 4 3 3 3 3 6 1003 4 5 3 3 5 6 6 3 3 1001 3 3 3 5 3 5 5 5 3 6 3 3 3 4 3 3 3 4 3 3 3 5 1002 3 3 3 6 6 4 3 4 3 3 6 4 4 3 1004 5 4 4 1002 3 3 3 1004 3 3 3 3 5 4 3 4 4 1000 3 5 3 4 3 4 3 4 5 3 3 4 3 6 3 6 6 6 6 5 3 3 3 7 3 3 4 5 4 1001 4 5 977 4 4 4 1000 1004 4 4 4 3 3 3 3 5 7 4 4 1006 4 3 4 3 3 4 3 4 3 3 3 4 4 4 3 4 3 3 4 4 3 1003 4 5 5 3 4 4 3 5 4 3 1005 3 1002 4 3 3 3 4 7 6 4 1003 1004 3 5 5 4 5 4 3 1003 3 4 3 3 5 3 3 6 3 3 6 1002 3 3 3 5 6 3 5 3 5 4 4 4 6 4 1002 3 5 3 3 1000 4 4 5 1012 5 3 3 3 4 3 5 5 3 3 1004 6 4 5 1005 3 3 7 3 4 4 3 3 3 7 3 4 4 3 3 8 4 5 4 4 3 3 6 3 4 5 3 3 3 3 4 3 6 4 3 3 6 3 4 3 3 4 7 3 6 5 4 3 3 3 994 3 3 6 5 3 3 4 4 8 9 1007 3 3 3 4 6 4 3 3 3 5 4 3 4 1002 3 4 3 3 3 3 5 3 8 1004 3 6 6 3 4 4 5 5 783 3 1009 4 4 6 3 5 4 3 5 3 3 3 3 3 1002 5 3 3 3 4 5 5 1002 3 3 4 4 1001 3 3 5 1003 6 1001 1001 3 4 5 7 3 3 4 3 998 3 3 3 9 5 3 3 120 3 3 4 3 4 3 3 3 3 4 3 3 5 4 4 3 3 6 6 6 4 
x = 1.3:
4 3 3 3 3 4 4 4 4 5 3 3 3 3 6 1007 6 3 3 5 4 3 7 4 4 6 3 7 4 4 3 3 5 4 3 1004 3 983 3 3 6 3 4 1001 5 3 4 4 4 5 3 3 3 5 995 3 3 3 3 4 480 3 4 4 993 6 3 3 3 3 6 3 3 6 1003 4 3 4 4 5 3 1007 3 5 3 5 4 6 3 3 4 3 5 5 5 10 4 3 3 6 3 3 3 4 4 4 3 4 3 3 6 6 3 4 3 3 3 3 6 3 3 5 5 5 7 3 3 3 5 3 4 3 3 3 4 3 4 3 6 4 3 3 3 4 4 1002 3 3 6 5 4 3 3 3 7 7 3 999 3 5 3 4 4 990 4 3 5 3 5 7 3 5 3 5 5 4 6 3 3 3 4 7 3 4 998 3 4 4 4 4 3 3 7 4 3 4 4 4 3 3 5 3 3 3 1001 3 1004 3 4 4 7 5 3 3 5 6 4 3 3 6 4 4 4 3 3 1001 3 4 4 5 3 4 5 4 4 4 3 3 3 3 4 4 5 4 3 3 3 3 4 3 4 3 4 3 4 3 4 926 6 3 5 1004 3 5 935 5 4 3 3 4 3 3 3 4 3 9 4 4 4 3 4 3 6 3 3 3 3 1000 979 1003 3 3 4 3 4 3 3 6 4 3 6 3 5 839 3 3 5 3 3 5 6 5 3 3 3 985 3 4 3 3 5 5 3 5 3 3 4 3 4 4 3 3 3 4 3 5 5 6 6 3 3 3 3 3 5 3 5 5 3 3 3 4 6 4 3 5 5 5 3 4 4 3 4 3 8 4 3 3 4 3 4 4 6 4 3 3 5 7 3 3 3 3 8 3 3 3 6 6 3 5 3 7 4 4 3 4 3 5 3 
x = 1.35:
3 3 4 4 3 5 5 3 3 3 5 7 1001 11 3 3 6 3 6 3 4 6 5 3 1006 4 8 3 5 3 6 6 3 4 3 5 3 4 3 4 1003 3 4 3 3 3 6 4 3 3 3 4 7 4 3 999 3 6 7 6 5 4 3 4 3 5 3 4 3 3 3 1002 4 5 5 4 4 3 3 3 955 4 3 4 4 3 6 5 4 4 4 3 3 4 3 4 3 3 4 5 4 5 3 4 5 3 3 6 3 3 3 3 3 6 1000 4 3 3 3 4 3 7 8 6 3 3 4 4 3 3 4 4 3 3 5 3 3 3 4 6 4 4 10 4 3 5 4 3 3 5 5 6 7 3 3 3 3 3 6 3 4 4 6 1001 6 1004 4 3 5 6 1000 3 3 4 4 3 9 6 4 3 1001 3 3 5 3 5 1003 3 3 4 5 4 3 4 4 4 4 4 3 3 4 4 7 4 3 3 3 4 3 3 4 4 3 3 3 3 3 5 3 4 3 4 5 4 7 5 3 9 4 3 3 5 3 3 5 4 3 3 3 3 3 4 5 3 3 3 3 3 4 4 3 4 3 4 4 3 7 4 3 3 3 3 3 3 3 3 3 7 5 9 3 3 3 3 3 600 5 951 3 4 1003 5 3 3 6 3 4 4 4 7 6 3 4 3 7 14 3 4 4 6 3 4 4 1000 3 3 5 3 3 3 5 3 4 3 5 1002 4 4 3 3 3 3 4 3 3 7 3 3 3 3 3 3 3 3 5 3 4 3 3 7 4 3 3 5 3 3 3 3 978 4 3 5 3 6 3 3 3 3 3 4 3 4 4 4 5 4 3 1000 4 3 997 4 3 6 4 4 3 4 4 5 3 3 4 3 5 4 3 5 3 6 5 4 3 3 1005 3 3 4 4 
x = 1.4:
3 5 5 4 3 7 1005 4 4 8 3 3 3 5 3 3 3 3 4 4 4 3 7 4 5 3 6 5 3 3 3 3 3 3 844 4 4 4 4 3 3 3 3 4 5 999 4 3 4 3 3 3 3 5 3 3 6 3 3 6 3 5 4 3 3 3 4 3 3 3 3 4 3 5 4 3 5 5 3 846 3 5 3 3 3 3 4 4 3 3 4 3 3 3 3 3 4 3 4 3 3 3 3 3 5 5 7 5 3 3 3 4 3 3 3 5 4 4 4 4 3 5 3 3 4 4 1000 3 3 3 881 4 3 4 4 1000 3 4 3 3 5 3 5 4 1001 3 3 3 4 3 3 3 4 4 4 5 5 3 4 4 4 6 3 4 5 5 4 3 3 3 3 5 3 4 3 3 5 4 3 4 4 5 7 4 5 3 5 3 3 3 3 7 4 3 4 3 3 7 4 5 5 4 4 4 5 6 4 3 3 5 6 5 8 5 3 3 3 3 4 3 3 1003 3 4 3 4 3 3 5 1003 4 3 4 3 4 3 3 8 3 3 4 3 3 3 3 3 3 4 999 6 5 7 5 3 5 4 3 3 6 4 4 3 3 3 4 4 7 3 6 4 4 3 5 4 4 3 4 4 3 5 4 3 4 4 3 3 3 3 3 993 5 5 3 3 3 3 6 3 3 3 3 3 4 3 3 4 6 4 3 4 3 3 7 3 3 9 3 4 5 3 4 974 6 3 3 3 5 3 8 3 7 4 4 4 6 8 5 6 6 4 3 6 4 5 5 3 1002 5 3 3 4 3 3 7 7 3 4 3 1003 3 3 3 3 4 6 3 4 4 4 6 1001 4 3 6 4 3 4 3 3 4 5 3 3 3 3 3 7 3 3 5 3 5 3 4 5 3 3 4 5 
x = 1.45:
3 5 4 3 3 6 3 4 3 3 3 4 4 5 5 3 5 1007 3 984 5 4 3 7 3 5 3 3 4 5 3 3 3 4 3 5 3 3 6 4 4 3 8 3 3 4 3 885 7 5 4 3 5 3 4 3 4 3 5 6 3 4 5 4 4 3 4 4 3 3 6 4 3 5 6 3 3 3 3 3 4 4 4 3 4 4 5 5 7 7 3 4 3 4 6 3 4 5 3 5 3 4 3 6 3 5 3 4 5 968 4 3 3 6 5 4 4 3 4 4 4 3 6 3 3 5 3 4 5 947 969 3 5 3 3 3 3 3 4 3 3 3 4 3 3 4 3 5 978 3 3 6 3 4 3 4 4 4 3 3 4 3 3 8 4 3 4 3 3 9 3 5 3 3 3 4 5 3 4 4 3 3 3 5 3 3 3 3 4 4 4 3 3 3 5 3 6 4 3 4 4 5 9 7 3 3 5 6 4 4 4 3 4 5 8 3 3 4 3 4 3 1003 5 1005 6 3 8 6 3 999 4 3 3 3 4 5 6 6 3 3 989 3 3 887 3 3 4 5 3 4 5 3 5 3 994 4 3 3 5 7 3 3 6 3 3 4 4 3 3 4 3 6 4 3 3 3 3 4 3 5 3 4 3 3 3 5 9 4 4 3 3 4 4 3 5 4 4 3 994 3 4 4 5 4 5 3 3 3 3 4 4 3 7 3 3 4 3 3 6 3 4 3 5 3 3 5 3 3 3 4 5 5 3 4 5 6 3 3 4 4 3 4 3 3 6 4 4 3 3 4 3 4 4 3 3 4 3 4 3 3 3 5 3 3 3 5 124 4 3 5 5 3 4 3 3 3 3 6 3 3 5 6 4 5 3 7 5 3 4 3 3 3 3 3 3 3 3 3 3 
x = 1.5:
5 3 7 3 4 3 5 4 5 4 4 3 3 3 3 5 3 6 6 4 5 6 3 3 5 3 4 3 6 5 4 3 3 3 4 3 3 3 4 3 6 3 4 1002 3 5 3 4 3 4 4 3 4 4 4 3 6 6 4 3 9 3 7 3 3 3 4 3 3 4 5 4 3 6 4 5 4 4 3 3 3 3 5 3 990 3 3 3 7 3 3 4 3 4 3 5 3 3 4 4 7 5 5 3 5 3 3 5 6 5 4 4 3 4 4 4 3 5 3 988 7 5 3 5 6 3 3 4 4 4 3 3 3 3 4 4 3 4 4 3 4 3 5 6 3 7 3 5 3 3 3 3 3 3 4 824 4 4 4 4 3 4 8 4 4 4 4 4 4 3 10 6 3 3 8 3 3 3 5 3 5 4 4 5 4 4 4 3 3 4 3 3 5 3 994 3 3 3 3 6 3 6 4 3 8 3 3 4 3 4 4 6 3 3 5 3 3 4 3 4 3 7 3 3 978 3 3 5 3 3 3 6 5 3 3 5 4 3 5 3 3 5 4 3 3 3 3 4 6 3 1004 5 7 3 6 3 4 4 6 3 4 3 6 5 4 3 3 4 3 3 3 4 3 3 7 6 4 5 3 3 5 4 5 3 7 4 3 4 3 5 4 4 7 6 991 3 4 5 5 4 6 5 5 5 4 3 3 4 3 5 3 4 4 3 980 5 3 3 4 4 3 3 4 3 3 5 3 3 3 6 4 4 7 5 7 3 3 3 3 3 3 5 3 3 7 3 3 3 3 4 3 3 3 3 3 3 3 3 3 5 4 991 3 3 3 6 328 999 4 3 4 4 4 3 3 4 3 4 3 4 3 3 3 3 4 5 3 4 4 7 3 3 4 4 3 3 3 3 3 
x = 1.55:
3 3 5 3 3 3 3 6 5 3 6 3 5 3 3 7 4 4 3 3 4 3 3 3 3 3 4 8 3 3 3 3 3 3 3 3 5 6 3 3 5 4 6 4 4 3 3 4 4 4 4 3 4 3 5 5 3 4 3 5 3 3 4 5 3 5 3 3 3 3 5 4 4 3 6 3 3 4 3 5 3 3 785 3 8 3 7 3 4 5 5 3 4 4 7 3 3 7 3 3 3 3 6 3 3 3 3 3 3 6 3 3 3 5 3 5 4 5 4 4 3 3 4 3 3 3 4 3 4 3 3 3 3 3 3 4 3 3 7 3 3 7 4 3 3 5 4 4 4 5 4 4 4 3 4 3 4 3 3 3 6 4 3 4 7 3 3 4 8 3 3 3 5 3 6 4 6 4 4 4 6 5 4 7 3 3 7 3 3 4 7 3 3 3 4 4 3 3 4 4 4 4 3 3 5 8 3 3 4 7 7 5 958 4 5 5 4 4 6 4 5 4 4 3 5 3 6 3 6 4 972 3 8 3 5 3 5 5 3 4 4 461 4 5 4 3 4 3 3 4 3 3 3 3 6 3 4 4 4 5 6 4 3 4 7 3 3 3 985 5 8 3 3 3 3 3 3 5 3 5 7 3 3 6 3 3 5 4 8 8 6 4 3 3 3 998 5 3 5 5 808 7 4 4 3 3 3 4 3 4 5 3 3 3 7 3 3 3 3 4 3 3 3 3 5 4 3 5 5 3 938 5 3 6 3 3 3 4 6 3 3 4 5 4 4 4 4 3 3 970 6 8 5 3 3 3 8 3 7 5 7 4 4 3 6 5 5 3 3 3 5 4 3 4 3 3 3 3 3 7 3 4 6 3 3 4 3 5 3 4 4 3 5 3 3 5 3 3 4 
x = 1.6:
4 5 4 4 3 5 7 3 4 4 3 4 5 4 3 4 3 5 3 4 3 3 3 4 3 3 3 3 4 4 3 3 6 4 3 3 6 3 3 3 4 4 3 5 5 6 4 6 3 3 4 5 4 4 3 3 3 4 5 5 3 4 3 3 4 6 3 3 6 3 4 3 3 4 4 4 3 3 3 4 4 6 4 3 3 4 3 6 4 4 4 3 6 6 4 935 5 3 4 3 3 3 3 3 5 3 3 3 4 4 3 4 3 5 3 3 4 3 4 3 5 3 3 4 5 3 3 4 3 4 3 3 3 6 4 8 4 3 4 4 5 3 7 3 3 4 6 4 3 3 5 3 4 4 5 3 3 6 5 4 5 3 4 4 3 4 4 3 4 11 4 4 7 3 4 3 4 4 3 4 8 7 7 3 4 3 3 3 4 7 3 3 3 3 4 3 3 3 3 4 3 3 3 4 4 3 3 3 4 8 3 3 5 4 5 4 4 3 4 875 4 4 4 7 3 7 4 7 3 6 5 4 3 3 7 3 4 3 5 4 3 3 4 3 4 3 4 3 3 4 4 4 4 3 3 3 5 5 3 3 4 4 3 7 3 7 3 5 3 4 5 3 8 5 3 4 5 3 3 3 6 3 5 4 5 4 3 4 5 5 3 3 3 4 8 3 3 3 4 4 4 6 3 6 3 3 5 7 5 3 4 6 3 4 3 5 3 4 4 4 3 129 4 3 4 3 3 4 3 3 4 5 8 3 3 5 3 3 4 5 3 3 3 3 3 3 3 4 5 4 4 3 5 5 3 3 3 3 9 3 4 4 4 3 3 4 6 3 4 3 3 3 4 5 4 4 3 988 4 3 5 3 3 3 6 4 4 3 3 3 4 6 6 3 6 8 6 5 4 
x = 1.65:
3 3 4 5 3 3 6 3 6 5 5 4 4 4 3 4 3 4 3 4 3 3 3 3 3 5 4 3 5 3 3 3 5 4 3 4 3 6 3 3 3 3 3 4 3 4 4 6 4 6 4 4 3 5 4 3 3 3 6 5 4 3 3 3 4 3 4 4 3 8 3 3 4 4 3 3 6 4 4 5 3 3 3 3 3 3 3 5 3 3 3 3 3 3 5 3 3 3 3 3 6 3 3 4 3 3 7 3 3 4 5 3 3 3 3 4 3 3 3 5 3 4 3 7 4 4 3 6 3 4 4 3 3 6 3 3 3 8 3 5 4 3 3 3 5 3 3 4 3 6 5 9 3 7 4 5 3 4 3 3 5 4 3 3 3 4 3 5 3 3 3 7 4 6 3 15 6 6 3 5 3 9 9 3 3 5 3 5 3 3 5 3 6 3 4 3 3 3 4 3 3 3 4 3 5 4 4 6 3 3 4 4 3 4 3 3 3 3 3 3 3 3 3 3 3 3 3 3 3 5 4 5 4 4 4 5 4 6 3 4 3 6 4 3 4 6 4 4 3 3 3 3 4 6 3 5 5 4 4 3 3 6 7 5 4 6 3 4 3 3 3 3 4 3 7 3 3 5 4 3 7 3 4 3 4 4 3 3 4 5 4 3 4 3 3 4 3 3 4 6 6 3 6 4 3 4 4 4 4 3 5 4 3 4 3 3 3 3 3 5 3 3 3 3 3 3 6 5 5 4 6 3 3 4 4 3 5 3 4 6 4 5 5 4 4 3 3 3 3 3 4 4 3 5 5 4 4 4 5 3 3 3 3 4 3 3 6 3 3 6 5 4 3 3 3 4 3 4 3 3 3 3 3 4 4 3 5 4 3 3 5 4 5 3 6 3 4 7 3 
x = 1.7:
3 3 3 3 8 3 3 4 3 5 4 3 3 3 3 3 4 3 3 3 3 3 5 4 3 3 6 4 3 3 3 3 5 3 3 3 4 3 3 3 3 6 4 3 3 5 5 4 3 4 3 5 5 3 3 3 3 5 3 4 3 6 3 4 8 4 3 4 4 5 3 6 4 5 3 5 3 5 3 4 3 3 4 3 7 3 3 4 3 7 3 3 3 3 4 4 4 3 3 3 3 8 3 6 3 3 4 4 5 6 5 4 3 4 3 6 3 3 4 3 3 3 3 3 3 4 3 4 3 7 4 3 4 6 3 3 4 4 3 4 4 5 3 3 3 4 4 3 6 3 7 3 3 3 3 3 4 6 4 5 3 8 3 4 3 3 4 3 3 3 3 3 4 4 4 6 5 3 4 3 5 3 3 3 8 3 3 3 4 3 3 8 3 3 4 3 3 3 3 4 4 3 3 4 3 3 6 3 5 3 3 5 4 3 4 3 5 5 4 3 3 4 6 3 3 3 3 4 6 8 3 4 5 5 3 957 3 3 5 4 3 4 3 3 3 4 5 4 7 6 3 5 3 4 3 3 4 5 6 3 6 7 4 3 4 3 3 3 4 4 3 4 4 7 3 6 7 6 3 5 3 4 3 4 5 3 5 4 3 3 4 5 3 4 3 5 3 3 3 3 6 3 4 3 3 3 4 6 8 3 4 5 5 4 4 5 3 3 6 4 3 6 7 4 6 6 4 3 6 3 4 3 3 3 3 3 3 3 8 3 4 6 5 3 3 3 4 6 4 3 4 4 4 4 6 6 44 3 3 4 5 3 7 3 3 4 4 4 4 3 7 3 3 3 6 3 3 3 4 5 3 4 6 3 3 4 3 7 3 5 3 3 6 4 5 3 3 3 7 
x = 1.75:
4 4 4 6 4 3 8 3 3 3 5 3 3 4 3 4 7 3 4 3 5 3 3 3 3 4 5 3 4 4 3 4 4 3 3 3 3 3 3 4 5 3 4 6 4 5 3 3 4 5 5 3 3 6 5 4 4 4 5 3 5 3 6 3 4 3 3 4 4 5 3 3 5 3 3 3 5 4 3 3 6 3 3 3 3 4 5 7 3 3 5 4 3 3 4 3 6 3 3 4 3 3 3 4 4 5 3 3 4 3 6 6 4 3 5 3 8 3 4 5 4 4 3 3 4 3 5 4 3 5 4 3 5 3 3 4 3 3 4 3 3 3 3 3 3 3 3 6 5 3 5 3 5 3 5 5 4 3 5 3 3 3 5 3 3 8 5 3 4 6 4 3 3 3 3 3 3 3 4 8 4 4 4 5 3 4 3 5 6 3 3 3 5 4 3 3 4 3 5 3 3 4 4 3 3 5 3 3 3 5 3 3 3 4 4 4 3 3 3 6 7 3 4 4 3 3 3 3 3 6 7 4 5 6 6 3 6 3 3 3 3 5 3 3 3 3 3 868 3 3 3 3 4 3 5 4 3 4 3 4 6 5 3 3 5 4 3 3 3 3 5 3 3 4 6 3 4 5 7 5 3 5 3 3 4 3 4 6 8 4 3 3 3 3 5 3 4 5 4 4 3 5 3 3 5 4 3 3 4 3 8 6 3 4 3 5 5 3 6 3 5 4 3 5 3 4 3 4 3 3 3 5 5 5 3 3 3 4 3 5 5 5 7 3 4 3 3 3 3 3 3 8 3 3 5 4 3 3 3 3 3 5 3 3 3 3 5 7 3 5 3 3 9 5 4 3 3 3 6 7 3 4 3 3 3 813 4 3 7 3 4 6 3 5 7 5 3 3 3 
x = 1.8:
7 3 3 4 3 3 3 4 3 4 4 4 8 3 3 4 6 3 4 3 3 3 3 4 7 4 3 3 3 4 4 5 8 3 6 4 3 3 6 6 5 3 4 3 3 4 4 5 5 3 4 4 4 3 4 4 4 5 6 4 6 4 6 3 4 3 5 3 4 5 3 5 5 4 3 4 3 4 4 6 3 3 4 3 6 3 3 3 3 4 3 3 4 3 4 3 3 6 6 4 3 5 3 6 3 3 4 6 3 4 3 3 3 3 6 5 3 3 4 3 3 3 4 4 3 5 5 3 4 3 3 4 4 4 5 4 6 4 3 4 4 3 6 4 4 5 3 3 3 3 4 6 3 3 4 5 3 3 3 3 3 3 3 3 3 4 3 3 6 4 5 3 3 3 3 3 3 4 3 3 7 3 3 4 3 3 3 4 5 3 3 4 3 3 4 3 8 3 4 3 3 3 4 5 4 3 4 4 4 4 5 7 3 3 4 5 7 3 4 7 3 3 3 5 3 3 3 3 3 3 3 3 7 5 3 4 4 4 7 7 6 5 5 4 3 4 3 5 5 3 4 4 4 3 7 4 4 5 3 3 4 3 4 4 6 5 7 4 4 3 5 4 10 5 4 3 4 4 3 4 3 3 3 5 3 4 4 4 5 3 5 3 3 4 3 4 4 3 6 8 3 4 3 6 5 3 3 3 3 4 3 6 4 5 4 4 3 3 3 3 4 3 3 5 5 4 3 3 4 4 4 4 4 4 5 3 4 3 3 3 3 4 3 5 3 4 3 4 6 3 4 7 5 4 3 4 3 3 5 3 3 4 3 3 3 4 3 5 3 5 4 3 5 3 4 4 5 4 3 6 4 3 6 3 6 4 3 4 5 3 3 3 3 3 5 4 3 5 3 
x = 1.85:
3 8 4 3 4 4 6 3 3 4 3 4 3 6 3 3 3 4 4 3 4 4 4 3 6 6 5 3 4 3 3 5 3 4 3 3 5 5 4 3 6 8 8 3 3 3 6 3 3 8 4 4 3 5 3 3 4 3 4 4 4 3 3 3 4 5 6 3 3 3 4 3 4 4 3 3 3 8 4 7 3 5 6 5 4 3 3 3 3 6 7 5 3 6 3 3 4 3 5 3 3 3 3 3 3 4 4 3 3 6 3 3 3 3 5 5 3 3 5 5 4 3 3 3 3 3 3 6 3 5 3 3 5 3 4 4 7 3 6 3 4 3 3 5 3 3 4 3 3 4 4 6 4 4 3 8 3 4 3 3 4 3 5 4 3 5 3 3 3 3 3 4 3 3 3 3 6 3 3 3 3 3 5 4 5 5 3 7 5 3 3 4 4 3 4 3 3 3 3 3 3 3 4 3 3 5 3 3 3 3 4 4 4 3 5 4 4 4 3 3 5 3 4 3 4 3 3 5 6 4 5 6 3 3 4 5 5 4 4 4 4 4 3 3 5 3 6 4 3 5 3 3 4 4 3 8 3 7 3 3 3 4 3 3 3 4 4 3 3 4 3 5 5 3 4 3 5 3 3 8 3 5 3 4 3 6 7 3 3 3 4 7 3 3 3 3 4 3 8 3 3 4 3 3 4 4 4 4 5 3 4 3 5 3 4 6 4 3 4 3 4 4 5 5 3 3 3 4 5 3 4 3 5 4 4 3 6 4 8 4 4 4 3 4 4 3 3 5 5 5 3 4 3 3 5 3 3 5 4 3 9 3 3 5 4 4 4 3 7 3 4 6 4 5 5 3 4 3 8 3 4 3 3 7 4 6 3 3 3 3 4 3 5 3 3 4 3 7 3 
x = 1.9:
4 7 3 3 4 3 4 4 3 5 3 4 3 3 3 4 6 3 3 3 3 3 3 3 3 6 3 3 3 3 4 3 3 6 7 3 3 3 6 6 6 3 6 3 4 3 6 6 5 5 3 3 4 4 3 3 3 4 4 3 3 3 4 3 4 3 3 5 5 5 3 3 3 3 7 3 5 7 6 3 7 3 3 4 3 3 3 3 6 3 4 6 5 3 3 6 4 3 3 4 3 4 5 3 3 3 3 3 3 3 4 3 6 3 3 5 4 4 5 6 3 3 3 6 3 7 3 3 4 3 5 6 3 5 5 3 3 3 3 4 5 3 4 4 3 7 4 3 7 3 3 4 3 3 3 4 4 5 8 4 3 7 3 5 4 3 6 3 5 4 3 3 3 3 4 4 4 4 5 3 8 4 3 4 3 3 4 4 3 3 3 8 3 7 6 3 3 3 3 4 3 5 3 4 3 4 7 3 3 3 3 3 3 4 3 3 3 3 5 4 5 3 4 3 4 8 3 5 5 3 6 3 4 5 4 4 3 3 5 3 5 4 5 3 4 6 6 3 6 3 3 4 4 9 4 3 3 4 3 4 6 3 5 3 4 5 4 3 3 4 3 4 6 6 3 3 4 6 3 3 5 5 5 4 4 4 3 5 3 3 3 6 3 4 6 3 3 4 3 3 4 4 5 7 3 3 3 4 5 3 4 3 3 5 5 4 3 4 3 3 3 3 4 3 6 5 3 3 4 4 5 4 4 3 3 7 4 4 3 3 4 3 3 3 4 3 3 3 3 4 6 3 3 3 5 3 8 3 4 3 4 4 3 4 4 3 4 3 5 3 4 3 6 3 5 6 5 3 4 3 4 3 3 6 6 4 4 3 3 6 3 4 3 4 3 5 5 3 3 
x = 1.95:
3 5 4 3 6 3 4 4 3 3 3 5 6 7 6 3 4 4 3 6 3 5 4 5 3 4 6 3 5 3 3 3 5 7 5 3 3 6 3 4 5 3 7 4 3 4 3 3 3 3 3 3 3 3 3 4 3 3 3 3 3 3 3 6 8 3 5 3 3 3 4 5 3 3 4 3 4 3 4 3 3 8 3 3 5 3 4 3 3 3 9 4 3 5 5 8 5 3 3 3 3 3 4 5 6 3 4 3 5 3 3 3 3 3 4 3 7 3 3 3 4 3 4 4 3 3 3 4 4 3 4 3 5 3 4 4 3 3 3 3 3 3 4 5 3 3 3 4 3 3 5 3 3 3 6 4 3 3 5 5 6 3 6 6 3 3 3 3 3 6 5 7 3 3 4 3 3 6 3 6 4 4 3 3 4 4 3 3 4 3 3 3 4 3 3 6 6 6 4 3 3 3 3 4 3 5 3 3 3 9 3 3 5 5 3 4 4 4 3 3 3 3 3 3 7 3 4 4 4 3 5 4 3 4 6 5 3 3 3 6 3 3 3 4 3 5 4 3 5 4 3 5 5 4 3 3 4 5 3 3 5 3 5 4 3 3 3 3 3 6 3 4 3 4 6 5 4 4 3 3 3 5 4 6 6 5 3 6 5 3 4 8 4 3 3 7 5 4 3 3 3 4 3 3 4 3 3 3 4 5 3 3 3 8 6 3 4 7 4 3 3 3 3 5 5 4 3 7 3 3 3 7 4 6 3 4 5 6 7 3 3 3 6 7 3 4 3 3 6 3 3 3 5 3 4 3 3 4 5 3 3 3 3 3 4 6 3 4 4 3 3 3 4 3 4 4 4 5 4 3 4 4 3 4 3 4 3 3 4 4 3 3 3 3 4 4 4 3 3 
