x = 0.5:
7 0 1000 2 0 1000 1000 1000 7 999 2 0 6 1 0 1000 0 6 0 7 0 1000 466 5 5 1000 8 1000 1000 9 0 8 1000 8 0 0 1000 1000 1000 0 0 0 5 2 0 1000 7 1000 0 0 1000 0 3 9 1000 5 5 7 1000 6 4 987 4 1000 1000 0 6 8 0 1000 4 8 4 1000 0 0 4 0 9 0 4 1000 7 1000 2 1000 0 2 6 881 2 1000 0 0 4 0 0 0 0 5 1 0 4 5 1000 3 0 1000 0 2 5 6 9 3 2 5 0 260 1000 2 1000 7 4 1000 3 1000 1 0 4 6 1000 6 2 6 2 0 6 1000 0 0 1000 4 6 1000 5 0 1000 0 0 1000 0 0 267 8 0 1000 669 0 1000 1000 401 1000 6 0 993 1 1 0 6 6 1 0 8 0 0 422 2 2 0 1000 5 4 1000 0 956 1000 0 1000 2 7 4 2 1000 0 1000 999 1000 0 0 1000 1000 987 4 0 1000 1000 0 1000 1 6 1000 3 0 1000 0 6 0 1000 2 0 1000 1000 0 1000 1000 8 892 5 0 0 0 1000 6 0 0 5 0 1 1000 3 1000 5 1000 588 8 6 1000 0 1000 1000 0 0 7 0 0 6 1000 0 0 1000 0 5 1000 2 1000 6 0 0 0 6 1000 879 5 1000 985 2 0 3 988 4 1000 7 6 0 0 1 1000 1000 0 5 10 0 0 993 0 929 1000 0 0 293 9 0 0 6 0 8 1 1000 6 1000 0 1000 1000 5 1 0 903 4 0 7 5 2 1 0 2 1000 1 0 1000 1 0 0 0 1 1 1000 1000 1000 1000 605 1 0 0 5 0 1000 1000 1000 3 0 0 1000 5 1000 1000 3 8 6 0 0 0 1 1000 1000 0 5 0 3 0 4 5 0 0 0 5 1000 7 1000 1000 0 0 8 7 1000 1000 2 1000 877 0 1 1 6 1000 0 0 6 0 1000 0 
x = 0.55:
0 0 1000 1000 1000 0 1000 3 0 1 1000 1000 999 8 1000 217 546 2 0 7 0 8 0 0 3 995 0 1000 4 0 6 1 5 0 1000 7 0 3 9 802 2 2 0 1000 0 1000 1000 242 1 0 0 0 3 0 2 1000 0 1000 1 0 0 1000 0 6 1000 0 1000 0 0 994 1000 7 1000 4 984 1000 999 7 1000 1 1000 0 0 3 0 1000 7 7 984 7 0 0 0 1000 0 6 4 2 6 2 6 5 1000 0 1000 0 0 0 1000 838 2 1 7 0 1 1000 2 0 1000 0 1 1 9 7 0 0 2 5 0 1000 1 1 1 0 1000 2 0 992 5 1 0 1 0 1 1000 1000 0 7 4 999 1 951 6 806 1000 0 7 1 0 3 1000 1000 1000 0 0 1000 8 1000 1000 1000 3 1000 1 1000 5 7 2 1000 0 6 1000 5 3 0 2 3 0 0 2 983 8 0 999 6 1000 1000 0 0 1000 9 6 5 9 0 7 0 2 7 4 1000 0 6 2 7 1000 1000 4 4 987 0 0 1000 4 5 9 0 2 6 0 1000 0 2 3 0 1000 936 1 0 1000 0 1000 1000 1000 0 5 8 6 1 1 0 996 229 993 999 0 1 0 1000 1000 1000 7 5 994 1000 5 0 0 1000 0 0 5 0 9 1000 2 1000 1000 1000 9 0 959 5 1000 0 5 0 812 1000 1000 4 2 0 1000 0 6 1000 3 0 0 0 3 1000 1000 0 999 7 9 1000 7 2 0 1000 0 0 7 4 0 1000 0 1000 0 1000 0 0 1000 57 0 661 0 0 4 7 1000 1 4 999 1 1000 5 1000 9 9 5 1 4 1000 0 1000 4 6 973 0 0 1000 7 1000 1 0 7 0 0 1000 96 0 6 1000 2 0 1000 5 1000 0 0 7 1000 1000 0 1 1000 1000 0 0 1000 1000 0 0 0 1000 0 0 5 3 1000 5 213 4 7 2 8 
x = 0.6:
0 1000 1 7 0 6 2 0 3 1000 0 0 1 0 0 2 0 8 0 1000 0 1000 4 1000 0 1000 1 4 1 2 0 1 1000 9 1 5 4 1 4 2 3 2 5 0 5 1 5 0 5 4 1000 1000 1 6 0 0 1 1 953 5 3 0 7 6 0 4 0 6 0 2 983 5 8 1000 0 0 3 5 0 0 0 0 6 1 92 0 996 1000 0 1000 993 9 0 0 2 995 3 1 0 1000 0 4 9 3 1000 0 3 1000 3 4 0 1000 3 0 0 0 4 1 3 0 1000 2 4 5 1000 0 1000 3 0 1 5 1 8 1000 3 1000 0 0 5 0 5 6 6 1000 1000 1000 1000 0 6 6 0 2 0 0 1000 0 2 8 6 257 7 11 0 1000 1000 0 0 0 5 0 7 0 1000 0 0 0 9 0 1000 0 0 5 0 865 995 995 7 7 1 0 9 0 1000 1 1000 1000 0 999 0 599 0 3 4 1000 1000 0 998 5 26 0 6 1000 1000 1000 1000 1000 1 0 0 980 1000 1000 2 1000 1000 0 6 0 1000 998 0 0 0 0 0 0 1 1000 1000 6 6 6 2 0 3 412 1 4 0 5 1000 5 1 989 7 0 1000 0 1000 1000 1000 0 5 4 0 1000 1000 8 7 4 0 0 2 1000 0 13 1 7 0 3 5 0 289 0 3 3 4 2 0 7 4 0 0 6 0 1000 3 9 0 0 1000 0 4 0 182 0 1000 8 2 0 4 5 6 807 0 1000 1000 1 7 0 2 1000 0 0 0 1000 2 1000 0 1000 3 4 4 0 7 0 3 1 3 1000 1 1000 0 0 1 4 6 440 1 0 0 1 0 10 1000 4 0 1000 3 6 1 0 0 5 1 999 1000 999 0 1000 0 7 1000 976 8 999 2 0 1000 966 6 1000 1 0 0 0 1 0 978 0 0 1000 0 5 6 999 7 5 4 
x = 0.65:
1000 5 1 6 0 0 2 5 568 5 1000 0 0 4 0 0 0 0 988 0 972 4 2 0 1 8 973 1000 0 6 3 2 4 181 0 3 8 1000 0 5 5 927 5 3 1000 3 1 6 2 0 0 4 1000 1000 2 7 999 1000 3 1000 2 6 2 769 1000 8 10 2 0 3 0 220 9 9 8 1000 1000 0 1000 5 2 7 0 0 0 998 9 1000 7 954 1000 2 0 1000 4 0 933 2 148 0 0 4 4 26 7 2 5 9 192 998 6 1000 7 6 978 6 3 0 7 1000 2 0 1000 1 1000 1 6 1000 5 0 2 0 7 0 0 1000 1000 915 4 4 1000 1000 1000 4 3 5 0 1 924 5 8 961 8 999 1000 6 9 0 1000 5 2 0 5 5 2 7 0 0 6 5 3 6 5 8 175 1000 6 1000 9 5 1000 999 3 2 0 5 0 0 0 1000 0 4 9 8 0 5 1000 1000 0 5 0 7 3 3 0 4 1000 1000 927 1000 1 0 0 0 1 5 2 186 8 1000 1 6 917 1000 0 0 3 2 7 0 0 4 0 6 1000 13 2 1000 3 999 2 3 6 2 8 6 7 8 3 1 1000 4 0 1 1000 3 1000 2 0 4 1 990 9 3 0 7 7 1000 802 2 4 0 6 0 8 912 3 10 7 0 0 0 0 1000 1 1 0 997 0 0 0 7 7 5 933 1 9 997 5 0 4 0 4 0 0 3 3 0 1 4 0 998 8 0 992 999 2 1000 1 0 5 0 1000 0 7 4 9 8 2 0 0 2 4 4 1000 4 0 0 6 1 2 1 2 4 0 5 993 1 7 1000 0 8 0 1000 5 7 2 857 0 974 174 0 986 3 5 1000 6 0 0 999 973 8 1 1 393 0 0 0 1 5 978 6 0 4 1000 0 1000 0 0 757 1000 0 0 999 3 11 0 2 0 
x = 0.7:
7 8 1 1000 2 3 625 5 1000 1 4 130 1000 1 992 2 0 8 1 1000 6 0 0 1 6 0 999 1000 0 7 0 1000 2 0 1000 1000 0 2 813 4 0 0 988 997 0 0 3 0 1000 0 1000 2 4 5 5 0 6 1000 7 9 6 7 2 1000 0 5 8 0 1000 4 2 0 8 1000 7 8 0 0 6 2 1000 1000 6 3 4 1 1 7 2 5 1000 1000 0 5 8 6 990 94 5 9 6 0 9 0 7 2 3 0 989 998 2 2 0 997 2 0 0 5 1000 2 0 2 1000 6 4 1 4 7 1000 0 9 876 1000 999 0 1000 1000 3 0 0 0 0 1000 5 4 1000 878 5 0 0 7 0 254 0 1000 1 1000 0 6 8 6 997 999 1000 7 0 4 0 4 3 2 4 5 8 3 1000 2 0 4 1 0 2 0 6 977 7 0 6 1000 994 0 0 7 1000 1000 2 6 1 1000 8 0 7 6 1000 548 0 791 7 6 0 1000 3 3 0 0 2 4 999 13 4 1 1000 999 0 4 1 2 999 993 0 2 0 8 2 0 0 1000 0 4 1 1000 1000 990 0 1000 0 3 1000 8 1000 1000 8 4 7 78 7 0 0 1000 3 5 6 0 0 3 2 1 1 1 5 0 5 29 6 0 4 1000 4 3 6 0 825 1000 5 0 1 1000 0 7 1 1000 3 0 993 2 7 1000 2 0 5 480 0 0 0 6 4 6 0 6 2 2 1000 8 7 1000 0 8 6 6 6 8 2 5 0 7 0 1000 5 4 0 8 0 0 5 0 1000 2 1 13 0 0 0 0 0 0 3 995 0 4 1000 997 0 1 7 2 0 0 1 0 0 1000 10 0 2 8 7 1 6 0 0 8 3 0 0 997 4 2 0 1 3 0 8 0 882 1000 0 148 0 1000 2 1000 972 0 5 3 4 2 2 5 
x = 0.75:
1 2 0 7 1 5 0 0 3 0 517 0 7 4 977 3 0 6 998 1 1 0 1000 10 4 9 0 1000 6 1000 9 5 6 4 3 1 8 1 1000 3 6 8 0 7 758 9 0 3 1 935 0 1000 0 0 1 0 0 5 3 5 0 1 0 0 0 1 1 1000 3 0 0 7 3 8 7 1000 0 7 6 1 0 0 5 0 706 1 0 2 2 7 0 1000 3 4 0 989 0 528 2 0 6 4 4 1000 6 0 0 6 0 0 998 9 6 5 984 0 0 4 6 4 1000 3 0 5 970 2 6 2 4 1 999 7 6 1 1 6 20 0 3 7 1 0 999 1000 2 939 0 9 992 648 6 0 1000 0 1000 0 0 0 973 5 5 8 0 452 0 998 1 0 3 7 1 4 0 5 2 0 1000 0 1 6 999 0 1000 0 0 1000 0 962 0 8 0 992 1000 7 9 0 2 1000 4 2 0 1 1000 6 1 4 995 4 0 0 971 5 1000 5 0 2 1000 1 1 5 1 3 1000 0 0 2 1 8 0 0 0 255 6 9 1 0 773 555 0 2 962 0 0 0 6 0 5 7 2 6 0 0 1000 3 0 1 997 5 7 992 0 5 9 2 0 0 1 1000 0 936 2 1 0 1 1000 5 1000 3 0 998 8 924 1 1000 5 3 5 0 8 0 0 2 0 1 1000 1000 5 6 5 0 7 4 0 0 0 3 944 1000 1000 0 994 0 7 8 0 0 8 3 8 980 5 0 8 6 0 0 999 6 1000 2 1 5 1 4 0 0 6 4 3 1 0 4 6 0 0 992 8 4 998 6 7 5 0 6 3 8 2 0 0 1 1 1000 0 1000 0 0 7 1 726 0 0 5 0 9 3 5 65 0 6 0 254 3 1000 1000 0 0 0 5 999 4 4 7 8 8 6 3 0 1000 0 
x = 0.8:
0 6 10 5 4 0 4 32 1 2 0 3 6 4 2 3 9 0 0 0 1000 795 0 925 0 1000 0 927 3 999 8 1 2 1000 0 0 956 8 9 0 0 7 1000 1 0 0 0 6 7 2 0 0 999 0 0 6 1000 3 0 0 902 3 4 1000 1 6 0 5 6 6 7 0 6 0 6 4 2 4 1000 8 1 3 2 2 0 251 0 0 10 4 1000 7 4 0 4 0 1 8 2 0 4 561 6 2 7 0 9 4 5 5 4 4 1 5 6 6 6 15 5 987 10 0 0 7 6 4 6 0 7 2 1000 0 0 1000 5 6 0 4 1 0 0 2 0 3 8 3 4 10 446 6 998 7 0 6 0 0 4 0 6 4 5 0 0 5 3 4 3 0 6 0 7 145 0 0 0 1 0 4 0 0 5 2 5 0 5 0 6 4 1 5 1 2 5 0 0 0 0 5 5 0 4 1000 1000 1 5 7 7 2 8 2 0 4 996 987 0 5 7 1 0 4 6 5 271 1000 0 4 0 4 2 6 0 5 0 5 0 0 8 0 1000 8 8 0 6 5 0 0 3 0 903 6 2 7 0 323 0 236 7 1 5 6 0 0 434 6 43 1000 6 9 2 5 0 0 0 1 1000 940 1 0 1000 5 7 8 0 7 3 941 0 3 0 0 7 3 0 3 1 4 8 7 6 8 0 3 9 1 6 5 0 0 7 1000 0 4 0 3 1000 1 923 924 0 941 1 0 0 0 1000 0 0 7 0 1000 1 0 0 0 7 4 0 4 1 2 993 0 8 1 7 0 3 0 4 1 6 0 0 0 3 7 0 2 1 4 0 3 995 2 0 0 697 3 2 834 3 2 7 0 0 667 41 5 3 3 1000 1 1 6 0 0 1 959 0 995 6 1 1 0 998 1000 3 604 0 
x = 0.85:
999 3 6 5 1000 996 4 5 4 2 1 6 0 1 5 7 0 1 1 0 8 0 1 942 0 4 0 2 0 3 5 3 8 991 0 5 0 9 3 1 0 5 992 1 7 3 7 5 0 4 0 946 3 6 0 7 0 3 2 0 0 3 10 96 4 8 5 0 0 5 1 2 4 3 1 0 2 1000 4 1 3 2 7 6 0 5 0 2 3 0 1 1000 7 5 0 6 7 1000 8 5 999 0 6 7 3 0 10 3 8 2 4 0 7 0 2 5 2 5 10 3 0 0 0 2 3 0 0 5 2 1 0 2 0 4 664 8 0 0 0 1 3 927 17 1 0 8 6 7 7 2 7 987 0 4 6 1 7 6 6 2 6 6 0 0 1 8 279 0 0 2 0 2 1 4 943 485 5 6 1 4 0 6 2 0 4 0 2 2 1 0 0 0 7 0 0 999 3 0 6 6 7 8 8 4 996 4 0 1000 2 987 2 8 0 3 4 2 1 2 8 2 3 1 2 5 4 9 0 1 5 0 0 0 57 0 0 0 7 2 1 3 998 137 7 2 0 0 0 2 3 6 7 8 5 5 0 622 0 5 3 0 3 0 1 1 0 0 234 0 0 0 0 2 0 382 5 0 0 1 0 0 0 0 8 6 1 5 0 1 5 4 1 0 0 2 949 7 0 2 6 1 0 1 0 3 3 0 1 0 7 2 6 2 8 7 0 6 6 7 4 3 890 5 0 0 0 4 4 0 0 5 990 5 8 0 4 4 1 8 4 716 4 0 9 0 3 0 4 0 1 3 7 1 3 2 0 1 3 7 2 0 1 5 0 965 7 912 3 3 997 2 1 261 3 2 0 8 3 1 1000 3 6 0 6 7 2 3 0 0 4 759 0 0 2 0 0 1 6 3 6 
x = 0.9:
7 3 6 0 0 3 3 8 5 934 0 6 1000 7 7 1 0 6 5 2 0 5 3 3 2 0 4 5 5 6 2 2 3 7 8 7 1 2 1 1 4 1 5 7 3 2 0 5 4 998 3 3 10 0 1 1 4 7 0 7 0 0 0 0 3 2 5 0 1 4 971 7 0 1 1 2 6 2 4 1 0 951 0 4 0 0 8 0 7 0 0 7 7 0 1 7 4 687 0 0 960 9 6 10 0 2 5 0 0 0 0 6 0 911 22 3 5 0 1 6 454 0 5 3 6 8 0 0 1 1 0 8 999 1 3 0 617 0 4 4 1 1 0 0 908 6 0 0 1000 990 4 0 9 857 0 1 6 7 1 474 0 2 5 998 7 0 5 0 1000 0 0 1 1 6 0 3 0 0 4 0 0 9 946 7 7 0 7 1 7 986 0 4 6 3 0 1 6 4 3 0 2 2 7 0 6 8 990 1 8 0 7 1 1 576 182 4 3 3 1 5 1 2 2 7 1000 2 0 0 0 7 0 5 3 0 0 1 0 5 10 0 8 0 7 6 3 0 0 3 0 0 7 5 3 9 3 2 1000 9 1 8 4 763 0 2 6 2 9 727 0 1 0 2 0 2 7 7 0 0 3 10 36 0 2 0 862 0 4 1 0 5 1 6 8 6 2 0 926 4 8 7 2 6 973 3 0 0 8 749 0 7 8 9 0 7 0 7 1 6 0 1 7 7 8 3 6 0 807 7 9 1 4 0 7 8 6 0 2 993 3 4 7 0 0 5 7 0 969 0 904 5 0 0 997 6 2 0 3 0 0 4 0 986 0 3 0 993 8 0 8 1 4 0 7 992 0 6 4 6 2 7 2 1 7 0 0 6 806 0 0 2 1 657 1 4 0 6 0 1 0 
x = 0.95:
991 0 0 6 0 2 5 0 8 2 0 3 6 3 0 0 1 980 4 999 471 0 6 0 6 0 4 2 3 4 5 1 5 0 87 4 5 2 2 0 4 1 7 2 486 6 0 0 0 8 0 0 3 6 1 8 8 4 7 6 1 0 0 4 4 5 9 3 0 992 0 4 1 0 4 978 8 1 3 3 4 2 6 0 5 844 6 4 0 4 3 0 7 6 9 382 8 7 5 3 2 8 1 0 3 8 7 0 0 6 2 1000 8 8 8 2 0 6 1000 6 0 892 1 1 5 5 0 2 8 0 0 1 4 6 5 0 5 6 0 0 3 3 8 1 0 6 0 0 8 3 5 7 7 5 1 0 4 1 2 2 4 0 0 5 2 4 6 0 3 4 1 8 0 4 2 3 7 0 873 1 3 2 0 4 7 5 4 0 0 0 3 6 3 4 3 7 0 1 4 0 6 3 0 7 6 6 6 0 0 0 0 7 6 2 5 3 7 0 6 10 2 995 941 544 986 0 7 0 3 919 1 2 366 7 6 0 0 8 4 5 0 5 0 5 5 96 999 6 0 3 0 5 0 5 0 3 6 6 6 0 2 5 865 9 2 8 3 2 2 0 5 6 0 3 0 0 7 8 8 0 1 1 2 6 0 7 8 7 8 5 992 5 8 0 84 1 3 4 9 4 5 2 2 0 1 7 1 5 6 4 0 0 0 557 953 12 0 5 0 1 1000 7 2 0 5 9 1 0 7 5 0 4 0 0 3 0 0 7 8 0 6 6 3 6 0 3 8 9 1 4 5 7 5 0 6 6 0 2 2 0 6 9 0 0 0 5 3 4 4 0 8 7 5 10 2 2 6 4 5 5 3 5 5 2 6 8 2 0 0 6 6 1 3 2 3 0 1 6 0 
x = 1.0:
0 5 2 1 5 2 0 0 0 0 0 3 5 5 0 0 5 1 0 8 2 0 0 0 1 6 6 3 1 4 1 0 7 5 8 1 966 0 7 2 0 543 9 937 7 2 1 7 2 3 3 9 2 0 7 1 3 7 5 1 4 9 1 7 4 5 5 3 7 5 1 4 8 5 0 0 0 988 0 2 6 8 0 1 3 5 0 0 6 7 9 4 6 3 4 2 0 0 8 6 5 1 0 6 6 7 0 997 1 2 3 0 4 5 5 65 0 5 4 0 1 2 7 4 2 2 1 2 7 3 1 0 2 0 3 973 7 6 3 10 40 2 6 0 7 2 0 1 4 9 1 5 6 1 1 3 0 1 2 1 1 8 0 0 4 0 3 6 1 0 7 5 0 1 2 8 7 0 2 8 4 711 4 0 3 3 7 5 0 6 4 3 4 0 7 2 0 5 0 2 6 6 6 7 5 0 5 1 0 0 6 0 3 0 5 3 4 1 5 7 6 2 6 1 7 3 0 997 171 4 2 5 768 8 0 0 2 6 740 2 0 1 0 3 9 692 6 5 3 6 1 6 0 0 8 2 6 7 0 7 4 7 1 1 0 4 8 4 0 4 1000 675 0 8 10 2 0 0 462 3 0 1 1 0 4 2 6 0 3 2 3 3 7 7 0 7 0 0 0 3 5 0 2 8 2 1 0 1 0 7 0 2 7 7 7 0 4 2 6 7 1 2 5 0 0 0 2 3 7 4 4 6 0 1 3 7 5 0 3 7 1 6 3 2 2 1 10 7 841 8 4 6 8 8 3 5 1 4 1 8 0 3 7 0 7 1 1 0 0 4 0 0 4 6 2 1 8 0 0 6 1 9 7 6 5 1 0 0 626 0 4 0 0 8 5 5 8 0 0 
x = 1.05:
4 6 975 7 0 8 1 4 6 7 3 0 4 5 6 2 8 8 0 1 4 3 2 6 4 1 0 2 4 1 0 8 4 5 4 4 2 4 2 0 5 2 6 6 6 0 1 0 2 0 2 2 0 6 3 1 3 0 1 1 7 7 0 0 0 3 7 4 0 7 0 1 0 690 814 1 4 989 4 7 2 6 4 0 877 1 0 5 7 0 3 4 2 2 0 5 3 5 1 1 0 7 1 6 5 6 4 7 5 1 1 2 7 3 3 1 4 0 1 0 0 1 8 4 0 2 1 1 0 0 8 8 3 0 8 0 3 0 2 0 5 5 3 4 3 0 2 0 0 3 3 6 6 4 7 415 289 8 2 0 3 0 843 0 0 6 4 0 7 8 0 0 0 3 2 6 5 5 0 6 3 4 4 7 0 3 3 2 6 0 1 953 8 6 4 9 2 2 0 0 1 8 0 3 0 7 0 8 6 0 3 7 0 592 0 4 8 0 1 7 3 1 1 5 32 8 1 7 0 1 0 6 3 0 6 4 0 4 3 3 0 0 4 0 5 1 0 5 3 8 2 6 5 6 0 7 0 3 5 3 6 0 5 1 5 2 7 5 8 0 0 0 5 5 4 0 5 0 0 878 2 0 5 2 0 3 3 1 8 2 3 8 4 6 3 1 4 0 0 5 5 1 0 0 5 1 5 6 0 1 6 4 4 3 4 5 4 8 0 6 6 2 0 0 4 0 6 0 8 6 0 5 3 7 0 0 0 2 2 7 7 2 4 7 2 7 4 2 0 1 7 868 7 7 0 5 7 4 0 6 2 0 4 4 4 9 7 0 7 6 0 5 0 7 2 0 6 1 8 7 8 1 2 2 7 1 3 5 5 5 3 0 370 1 4 3 1 7 2 
x = 1.1:
3 6 3 2 0 7 3 0 7 0 4 6 5 2 1 1 10 3 6 0 4 5 8 6 0 0 3 7 0 2 0 9 8 3 0 2 1 0 4 5 2 1 3 4 5 0 2 1 7 3 0 4 7 0 0 2 2 8 5 7 1 9 4 4 0 5 2 3 0 0 3 5 1 2 8 7 4 7 5 8 1 8 0 3 4 3 0 0 3 0 6 2 5 0 6 0 5 1 0 8 0 5 6 0 6 3 2 1 6 8 4 4 6 1 5 0 0 2 1 1 7 0 1 8 6 8 7 8 8 5 2 7 5 2 2 0 8 0 0 7 0 2 9 6 6 6 0 6 1 8 2 8 1 0 0 5 5 0 1 5 0 1 7 6 9 8 0 6 8 0 7 2 8 9 5 0 4 2 4 0 0 6 0 2 578 0 0 0 785 2 7 4 6 6 6 6 4 5 8 5 0 3 0 6 6 7 7 6 0 5 3 0 6 0 2 0 6 2 2 1 634 0 8 1 4 4 0 7 5 9 996 7 8 6 4 3 6 4 797 3 0 4 4 4 9 9 0 3 2 4 0 2 6 2 3 0 0 4 1 1 2 5 4 6 2 5 5 4 7 3 2 6 8 2 4 6 2 7 6 0 5 6 3 1 0 3 0 0 7 0 1 6 0 0 0 9 0 5 0 0 9 3 0 4 8 1 8 0 7 2 8 2 0 0 4 0 0 1 7 5 0 0 1 1 10 1 6 4 0 0 4 1 0 2 8 0 4 7 5 5 8 8 3 0 3 0 0 0 0 2 0 2 1 3 7 6 6 4 8 0 2 1 0 0 8 5 10 2 4 4 0 5 0 3 3 2 4 4 4 5 2 0 1 1 6 0 2 2 8 0 6 0 0 0 4 0 1 4 6 
x = 1.15:
0 7 9 0 7 1 5 5 0 0 8 7 6 0 0 0 0 5 5 4 5 1 2 0 0 4 0 1 1 2 8 6 1 0 2 0 0 4 8 5 6 0 7 8 7 8 1 7 5 0 3 8 0 2 2 2 2 0 5 0 2 2 0 3 7 5 8 0 8 3 6 6 5 0 7 2 4 5 7 0 1 0 4 9 5 7 7 0 4 8 5 6 1 9 2 1 3 6 1 4 3 2 4 7 2 5 5 8 1 3 0 0 1 1 5 7 0 5 6 7 6 0 457 0 7 1 8 0 1 6 0 1 0 3 6 0 7 6 1 2 2 4 2 2 6 1 2 0 6 7 4 3 5 3 6 8 7 7 4 7 0 3 1 4 2 2 4 8 7 1 2 5 6 8 2 0 3 1 5 2 2 3 7 0 6 8 5 4 2 0 6 8 0 2 0 8 2 5 6 6 0 3 5 4 3 5 1 0 5 3 0 0 4 3 5 7 3 3 2 8 2 0 1 0 2 7 2 0 3 2 0 4 0 1 4 4 7 9 9 1 4 1 5 4 2 5 0 9 6 1 7 4 3 8 2 5 0 6 7 1 8 2 0 3 0 7 6 6 6 5 1 7 4 5 6 2 0 6 9 6 4 7 7 8 6 0 0 1 2 5 4 2 0 6 7 5 0 0 0 1 4 7 3 5 3 7 2 4 8 5 0 3 5 2 5 1 1 1 2 2 6 5 4 6 2 6 5 9 0 4 4 8 0 8 7 0 3 1 7 5 2 7 5 9 5 4 0 684 6 3 0 2 4 0 3 3 2 5 7 5 5 5 7 0 8 0 6 3 5 0 5 7 5 9 5 0 5 6 3 0 3 5 7 0 6 7 7 1 7 0 5 7 0 4 7 4 8 0 7 
x = 1.2:
1 0 1 1 5 6 4 4 1 0 4 0 1 4 8 6 7 5 3 3 9 5 4 0 3 3 1 0 3 2 7 5 6 8 0 0 7 1 3 4 0 4 2 10 0 3 0 0 1 2 1 7 7 8 1 4 7 8 8 2 9 7 5 8 9 0 1 3 0 0 7 8 5 8 3 6 5 2 7 7 1 0 8 897 0 0 3 5 3 7 8 0 5 6 9 3 5 0 0 7 0 8 3 0 0 4 8 0 3 1 3 1 1 1 2 7 3 1 2 2 8 4 4 10 0 3 7 3 4 8 0 0 7 6 7 5 7 714 7 1 1 1 1 4 2 0 0 7 5 0 7 7 6 6 0 0 3 1 4 0 6 1 0 0 5 5 6 0 3 3 1 1 4 2 0 10 6 7 0 664 0 0 6 0 4 7 0 8 2 3 1 5 8 1 3 0 5 6 8 6 5 2 2 5 0 3 6 5 7 0 0 8 6 3 0 2 6 4 9 4 0 1 2 0 3 7 5 0 3 4 4 9 0 4 9 315 7 3 0 7 4 1 7 0 7 5 0 8 6 8 4 6 9 0 3 5 6 0 4 4 2 2 1 7 10 0 7 9 0 8 5 5 6 2 8 0 2 0 0 1 6 8 2 2 6 526 0 2 1 6 8 5 1 507 0 2 4 8 3 2 4 5 2 3 4 7 6 2 4 4 1 1 0 7 2 3 8 0 4 2 0 6 3 0 5 2 0 6 4 8 1 7 8 4 3 5 4 6 8 3 10 2 8 6 0 4 8 1 7 0 2 4 1 7 1 1 7 7 2 8 1 7 9 5 5 1 6 0 4 8 9 0 4 0 3 3 0 2 1 9 9 8 2 3 5 2 2 1 5 7 6 0 0 0 3 8 0 0 8 
x = 1.25:
5 2 1 5 3 5 0 4 8 1 2 1 9 0 6 1 3 2 0 6 1 1 2 3 2 3 0 3 0 0 4 6 1 9 1 6 7 0 3 1 7 0 3 3 0 9 9 0 0 2 3 4 4 1 8 0 6 2 5 8 1 7 7 0 4 4 6 4 7 0 6 6 5 4 3 7 5 3 5 0 3 6 7 4 0 6 8 6 4 1 0 0 1 2 9 2 6 0 1 0 6 5 7 8 4 4 1 0 5 0 3 7 0 2 2 6 2 4 0 1 0 0 1 1 2 0 2 6 0 1 7 0 9 0 5 3 8 0 0 1 8 0 4 5 7 0 8 2 8 8 8 4 7 0 2 2 0 0 2 2 0 6 7 7 0 5 1 3 10 8 7 1 6 2 1 3 1 0 0 2 9 4 0 0 6 3 1 3 6 6 3 6 7 3 1 1 3 7 4 0 0 6 1 2 0 8 6 2 1 5 0 3 0 6 0 2 7 0 6 4 6 7 4 2 6 6 6 10 0 0 2 0 9 0 6 2 4 2 2 5 7 5 4 3 4 6 3 0 2 0 0 4 5 2 7 6 5 6 5 0 5 3 0 3 0 8 2 9 3 7 2 2 8 0 5 0 2 0 5 0 2 5 6 2 4 1 0 3 2 0 7 0 3 5 0 1 2 3 0 4 3 7 5 0 1 7 5 6 0 1 3 1 10 7 2 6 3 0 0 0 5 5 4 0 0 4 6 3 10 7 2 6 5 8 3 0 0 0 2 1 2 5 1 8 2 1 5 4 2 3 3 9 4 4 0 0 4 8 6 0 9 0 7 6 8 6 5 0 3 1 7 8 3 9 8 9 5 9 6 4 1 8 7 4 6 0 2 6 0 3 5 5 2 4 4 3 3 7 5 
x = 1.3:
0 0 7 3 5 6 1 6 5 8 6 3 2 0 7 1 3 4 2 9 7 6 0 10 4 0 2 4 7 2 2 5 0 0 4 6 4 5 0 4 8 2 2 0 7 7 0 0 3 0 1 8 5 1 1 8 5 1 4 3 7 3 3 5 6 3 5 4 6 7 7 3 2 9 0 3 6 5 4 3 6 8 7 5 4 0 5 2 5 7 7 0 6 1 3 5 4 1 0 2 6 1 3 7 0 3 8 3 6 0 8 3 0 5 7 6 0 3 10 1 3 3 1 6 0 5 5 0 1 1 7 0 1 5 1 7 4 0 3 2 1 2 4 0 0 0 0 5 8 6 7 8 5 5 6 0 0 7 5 0 8 6 1 2 5 7 1 6 0 0 9 5 1 0 3 0 2 7 3 3 7 1 5 0 1 2 6 0 4 4 0 0 1 1 0 0 5 2 5 4 0 7 0 0 2 7 4 7 5 0 2 3 3 0 4 4 6 8 3 3 0 4 1 6 7 5 7 4 7 1 5 1 9 2 2 1 7 6 0 1 3 0 5 3 4 5 2 5 2 6 6 0 6 1 6 0 7 3 2 5 8 9 1 2 5 4 0 6 6 0 0 6 6 0 5 3 0 5 3 4 3 1 7 4 1 0 0 6 7 7 0 2 2 3 0 1 6 1 4 1 1 8 0 0 3 1 4 6 0 0 6 10 0 7 4 7 6 6 9 9 5 8 4 7 2 0 2 0 5 5 2 3 6 7 0 0 3 6 3 1 6 3 6 6 4 5 3 1 6 1 9 3 7 5 1 0 3 1 0 7 3 0 4 7 6 6 8 7 5 0 4 0 5 9 3 0 0 1 6 0 2 2 4 5 1 2 1 6 7 5 4 2 11 7 3 0 0 3 3 
x = 1.35:
6 1 3 5 5 3 5 0 0 8 7 3 5 5 6 6 5 7 9 2 0 0 5 0 5 1 4 7 2 7 7 0 4 0 1 4 8 6 4 5 7 5 0 0 4 1 3 8 5 0 0 6 1 6 7 1 7 0 7 5 9 7 2 8 5 1 0 7 7 0 0 3 7 3 7 0 2 5 1 4 2 0 2 3 0 1 2 0 3 8 8 9 2 3 0 7 8 8 1 2 0 2 6 0 6 1 1 1 6 0 7 9 0 4 3 2 7 5 7 6 6 4 5 0 5 0 4 1 2 6 8 7 4 9 0 0 6 1 4 6 0 0 3 4 3 0 6 0 8 8 0 0 6 5 5 3 5 5 0 7 4 0 7 6 3 3 5 0 5 7 0 6 2 4 5 0 1 1 0 0 4 0 1 2 1 4 2 0 2 1 1 0 1 6 7 0 3 4 7 0 8 4 4 6 5 7 0 0 1 7 0 0 8 8 6 3 0 4 2 2 0 4 6 6 6 1 6 2 8 0 0 7 0 7 6 0 7 5 6 7 4 6 9 4 5 11 3 5 4 8 6 0 6 7 8 1 4 3 1 0 0 0 1 1 8 7 7 4 5 0 1 2 1 8 5 0 9 11 7 0 5 4 4 5 7 0 3 1 9 5 0 0 0 6 0 7 8 1 8 8 7 7 5 4 4 5 1 7 8 1 0 5 1 0 7 7 7 0 0 3 2 2 1 7 4 2 0 0 0 0 0 3 8 5 6 3 0 0 0 1 7 2 1 0 0 8 2 3 2 0 0 2 5 1 4 4 3 0 0 8 1 0 1 3 0 1 8 5 4 1 2 3 1 1 6 7 0 2 4 7 5 4 5 4 7 1 9 3 4 5 2 2 2 9 6 4 1 0 9 
x = 1.4:
4 9 3 7 5 2 8 4 6 3 7 7 0 6 8 7 1 1 1 6 7 4 2 4 3 1 3 7 0 4 5 2 2 4 6 0 4 7 3 2 4 4 0 4 3 6 8 0 0 0 3 2 9 1 0 6 0 0 0 8 4 7 0 2 2 6 4 7 0 0 2 8 7 1 2 7 3 2 1 1 6 1 5 5 5 1 0 8 5 5 1 4 4 3 7 8 0 8 6 0 0 2 10 2 0 1 7 0 1 4 0 6 0 6 2 7 8 6 3 2 2 1 6 0 1 0 0 1 1 5 8 4 1 4 2 6 5 5 5 6 7 0 4 5 3 4 6 1 2 6 0 6 3 4 3 0 0 4 8 6 5 2 0 4 6 0 5 0 7 0 2 7 4 3 7 3 0 0 0 2 0 2 1 2 7 0 0 2 8 7 2 6 1 1 3 4 6 0 7 8 6 1 6 0 7 6 3 4 5 1 5 7 2 3 0 6 4 7 3 0 8 7 6 7 5 6 5 0 2 7 0 1 0 0 1 6 0 1 0 0 0 0 1 4 1 3 4 7 1 8 0 6 0 5 9 2 1 0 6 3 6 0 3 0 2 6 4 1 7 0 2 1 2 8 2 6 4 3 1 1 3 1 8 3 1 0 5 6 1 1 6 1 5 0 6 0 5 2 0 5 8 6 3 7 7 7 6 7 1 5 2 6 3 8 2 2 7 0 0 0 9 3 1 3 0 2 7 0 6 6 5 1 2 7 2 0 5 4 0 0 4 0 2 7 7 0 7 2 4 2 2 2 3 1 2 2 2 7 2 1 4 7 9 7 5 5 9 0 0 8 4 1 1 1 2 4 3 3 7 8 3 7 2 4 5 5 1 5 2 6 3 4 5 5 4 7 6 2 9 
x = 1.45:
0 0 4 3 5 3 2 4 6 0 7 0 6 6 1 6 4 8 2 0 0 7 4 7 7 3 0 6 4 9 7 7 1 1 1 3 7 10 7 6 6 0 4 1 4 7 0 5 0 8 0 6 8 2 4 1 2 9 8 2 2 0 0 0 3 7 7 6 2 0 3 7 2 1 0 3 2 0 6 1 2 4 4 5 0 0 2 0 7 0 4 2 0 0 8 3 6 5 3 4 2 0 1 0 1 0 1 5 0 3 1 0 7 2 4 6 3 5 7 6 0 7 7 5 1 2 0 6 6 3 0 0 3 3 7 4 0 3 4 7 3 3 0 0 2 3 1 7 3 1 6 2 3 3 5 6 7 4 7 0 0 7 0 3 3 0 7 5 3 3 7 4 5 0 5 1 5 2 0 2 2 3 5 6 8 6 8 1 4 6 4 0 1 1 2 6 4 0 3 9 0 0 2 0 7 5 0 1 5 3 7 7 4 7 0 3 3 5 0 2 0 7 1 9 5 1 1 1 7 1 2 8 7 0 1 7 0 1 2 0 4 7 6 1 6 0 3 3 1 5 0 0 7 5 2 3 4 5 7 2 6 3 8 3 0 7 3 4 5 9 6 8 2 0 0 0 6 6 6 6 0 0 4 4 0 5 1 4 6 2 4 5 2 6 0 2 1 4 3 1 2 8 4 5 4 4 7 3 0 5 1 0 4 1 4 7 0 6 1 3 0 0 1 7 0 0 2 6 7 7 6 1 3 0 3 5 5 0 6 3 7 4 6 0 4 7 4 8 1 0 10 7 7 2 5 2 10 2 5 7 9 0 1 7 5 6 3 0 1 4 0 0 1 6 6 6 6 4 1 2 5 3 5 1 4 1 2 5 4 0 7 7 5 4 7 4 0 6 3 
x = 1.5:
0 6 3 4 7 7 0 0 5 3 7 2 8 7 0 1 4 3 5 6 7 2 0 2 2 3 1 3 5 4 2 0 2 0 7 1 3 7 0 3 5 6 1 0 1 0 3 7 1 0 6 1 0 7 1 0 7 8 6 7 4 2 2 8 0 6 7 0 3 3 4 8 4 0 4 5 1 2 0 4 7 3 0 2 2 5 0 1 0 2 6 7 1 0 4 0 0 1 4 1 2 7 7 4 8 3 4 1 0 3 8 8 0 4 0 1 2 8 6 5 1 1 3 6 6 4 0 2 7 7 0 2 8 2 1 1 5 2 0 1 5 1 6 6 3 8 8 8 7 3 1 0 7 0 5 2 7 7 7 2 0 4 0 1 0 3 2 2 7 2 4 2 9 3 5 6 6 0 5 8 0 2 0 2 5 1 1 3 9 5 3 4 4 5 4 6 4 0 0 5 10 0 1 8 2 6 1 0 0 5 0 3 7 3 7 0 0 2 4 2 5 7 5 6 2 0 3 5 1 7 0 9 8 7 0 2 7 3 3 6 1 3 2 0 0 0 3 4 3 7 0 2 0 2 4 6 3 7 4 0 0 5 1 1 7 3 4 1 0 6 8 3 3 5 5 5 3 5 5 4 4 4 2 7 4 3 3 5 5 7 7 0 7 7 0 0 5 4 8 0 5 0 1 1 0 8 7 8 6 0 7 7 7 1 6 6 0 1 7 7 0 0 4 6 7 2 4 7 3 7 1 2 5 0 1 0 3 5 1 0 0 5 5 2 5 4 5 6 5 8 0 3 7 6 0 0 6 0 9 0 0 6 3 7 0 1 4 3 0 3 3 1 4 5 2 9 5 5 0 1 7 7 1 5 0 9 0 1 6 0 6 0 3 2 3 6 3 8 8 
x = 1.55:
8 2 1 2 2 5 5 4 8 5 1 2 3 4 2 0 4 7 7 5 2 6 0 1 7 0 7 3 4 7 1 5 0 4 7 0 3 3 5 0 7 5 2 6 6 6 3 2 8 4 1 3 6 5 8 7 7 2 4 4 0 3 7 1 8 1 2 0 0 2 7 4 3 5 5 6 4 7 0 0 4 2 1 3 4 2 0 0 6 0 7 0 6 3 1 5 5 0 9 3 4 4 9 2 2 4 9 4 1 1 2 8 0 3 9 2 1 8 2 0 6 2 4 2 4 5 3 4 0 3 6 7 9 1 1 4 3 7 2 4 2 8 0 5 5 6 3 1 0 2 2 3 6 8 1 3 2 2 0 9 2 1 0 0 6 1 9 0 2 9 3 1 9 8 7 3 3 7 4 1 8 7 0 3 0 0 2 8 3 5 1 1 8 2 5 1 4 9 7 8 5 1 6 7 8 7 0 6 2 8 1 1 3 1 1 0 7 4 2 0 6 3 4 3 0 7 8 0 1 2 5 1 0 4 5 4 9 2 7 0 4 3 5 0 5 5 6 9 8 5 5 10 2 1 5 0 1 3 7 6 5 7 4 5 7 0 3 0 8 2 6 5 2 2 5 3 1 5 2 6 0 1 4 2 5 4 2 5 1 0 1 4 8 1 3 3 5 5 6 9 7 1 0 6 0 2 4 3 0 3 6 8 9 8 2 7 0 5 0 0 7 4 8 3 6 3 2 4 5 7 2 4 0 0 5 4 3 7 4 1 0 7 3 7 7 2 2 3 4 4 3 6 5 6 5 3 9 7 3 7 7 2 4 0 1 5 0 2 3 7 7 7 0 7 0 6 4 6 2 1 8 0 4 8 2 0 7 0 7 1 2 10 0 2 7 6 3 7 7 
x = 1.6:
6 2 5 0 2 5 3 6 0 0 4 3 0 5 7 5 4 4 0 11 4 8 3 7 1 0 0 5 1 7 3 3 2 2 7 2 1 0 7 6 4 0 9 3 0 5 6 5 1 1 4 6 0 10 4 0 1 6 5 5 7 2 1 4 1 4 5 1 0 0 0 4 0 8 9 5 1 7 4 4 8 0 1 0 5 0 7 2 6 7 7 3 0 2 3 3 3 2 6 3 5 4 2 0 8 0 9 2 5 2 4 0 6 0 2 2 5 3 7 0 1 0 4 5 8 8 7 3 1 0 0 3 0 1 4 1 10 1 1 0 6 1 0 0 7 6 1 7 6 6 9 7 6 7 0 1 5 6 4 1 1 3 6 3 3 9 6 4 0 0 6 7 2 0 1 3 2 1 5 7 8 9 1 6 3 2 2 6 6 5 6 0 2 6 7 4 0 1 1 4 0 11 5 5 1 0 7 2 4 2 6 7 2 8 0 1 0 7 5 0 9 2 5 1 0 0 3 5 5 3 0 7 0 6 0 5 5 7 5 1 5 4 1 2 4 5 5 2 8 7 0 6 8 0 5 3 0 3 4 4 4 4 2 9 0 7 8 4 6 7 4 0 2 7 2 1 4 6 1 3 4 1 5 7 3 4 4 2 3 4 5 6 5 1 1 3 6 1 7 3 0 7 5 3 0 3 0 7 6 1 7 1 3 2 5 7 3 2 1 3 4 8 5 7 5 0 2 3 4 4 2 3 6 5 9 3 4 4 0 5 0 0 1 0 6 3 1 1 5 2 6 7 3 6 2 2 0 0 2 0 6 0 1 5 3 0 6 6 0 7 6 4 6 6 7 2 0 3 0 3 3 4 3 8 3 3 1 5 8 2 3 7 2 7 4 7 7 1 5 
x = 1.65:
3 3 10 4 5 4 7 2 0 8 0 6 3 1 3 8 2 0 1 9 7 0 0 8 6 1 3 1 7 1 1 5 7 1 0 4 1 6 6 0 3 0 3 2 7 0 1 7 0 6 4 0 0 4 0 3 1 3 1 8 4 5 7 6 7 8 7 0 0 7 4 7 1 3 7 8 2 0 7 9 6 2 4 2 2 8 7 2 6 4 1 6 5 0 0 3 6 3 7 6 3 2 2 5 6 6 1 6 3 3 1 1 2 0 0 1 3 3 3 3 1 0 3 3 1 0 0 8 5 8 4 2 1 6 0 10 0 8 0 5 1 3 1 0 0 3 6 0 0 0 1 5 2 3 0 0 7 5 0 2 5 6 6 4 5 4 2 2 4 0 2 5 6 7 6 7 3 7 5 0 2 4 6 6 7 2 3 2 4 9 1 0 0 0 1 0 8 5 3 6 7 5 6 7 1 5 1 0 5 7 4 3 5 1 0 1 4 9 6 2 5 2 7 4 4 0 4 2 0 1 3 5 1 5 6 8 7 1 1 4 1 7 5 1 1 6 0 6 4 8 3 6 6 4 4 0 6 7 1 2 6 0 0 0 0 3 7 1 1 3 8 4 7 0 3 6 0 9 5 0 0 1 6 8 5 7 6 2 4 2 0 1 9 1 3 2 7 7 7 7 6 0 0 5 4 0 0 1 0 2 0 0 4 3 6 0 2 4 0 1 7 7 5 0 6 4 6 7 8 0 4 3 0 2 5 4 7 3 4 6 1 3 5 0 1 7 5 1 11 3 4 7 4 4 7 6 2 1 10 2 4 8 3 6 8 3 7 5 0 3 0 4 7 8 2 8 4 2 8 6 0 7 6 3 0 4 6 6 2 6 3 8 2 0 0 1 8 3 4 
x = 1.7:
7 7 3 1 4 5 8 3 1 6 6 1 9 7 4 1 6 1 0 0 5 7 8 7 8 7 9 3 5 1 0 1 0 9 5 1 10 0 6 1 2 4 6 0 3 0 1 0 4 7 9 4 6 5 1 7 3 2 7 5 5 4 7 0 0 0 6 8 2 6 0 0 3 0 7 3 5 1 1 4 6 2 7 8 3 8 0 1 3 5 0 4 8 0 7 7 6 1 7 6 1 7 4 2 4 4 8 9 0 0 2 6 3 0 0 6 0 5 5 6 4 3 1 2 8 9 0 5 1 0 3 6 4 7 0 5 0 7 7 5 0 9 0 7 6 0 5 4 1 1 2 5 4 2 6 5 0 0 3 6 0 0 4 3 3 5 0 6 3 5 2 4 8 0 0 5 2 9 5 7 9 6 4 5 0 4 0 6 0 4 5 0 2 1 0 5 3 2 2 9 0 7 0 1 4 8 6 2 1 7 2 3 6 3 5 0 3 2 4 6 6 3 3 10 6 4 6 0 0 6 2 6 2 1 5 5 7 1 6 4 0 8 7 4 5 5 9 5 5 0 0 1 0 9 7 4 5 4 6 4 4 0 5 6 3 0 0 6 3 7 7 0 0 5 0 6 3 6 0 0 8 4 0 1 0 2 8 8 0 4 1 1 0 4 7 7 2 1 3 11 4 6 2 7 1 1 3 4 7 4 8 2 1 0 5 1 3 1 0 6 5 6 2 2 4 4 8 6 0 0 2 3 5 0 0 8 5 2 0 4 4 4 6 2 0 8 7 0 2 0 4 6 2 3 3 1 1 3 0 1 8 2 8 2 1 4 0 1 0 7 2 2 5 4 5 8 2 7 2 6 0 6 5 9 7 0 0 0 4 3 8 2 1 6 6 4 9 0 7 
x = 1.75:
0 0 7 4 7 2 2 8 8 11 0 0 7 0 8 1 4 4 3 8 1 5 4 3 1 0 3 6 0 7 8 1 0 5 3 1 7 6 6 0 3 0 1 0 1 1 5 1 0 0 1 8 0 9 7 0 7 3 1 0 3 7 5 1 5 1 2 2 0 6 9 3 1 0 1 0 2 3 3 3 3 6 0 5 1 2 6 0 3 4 6 0 2 5 2 7 2 8 3 7 1 1 7 0 7 4 0 8 4 0 1 7 3 1 0 0 0 5 3 0 3 4 0 4 1 2 0 6 0 2 0 6 0 4 7 4 1 0 4 2 1 0 2 3 5 0 1 3 3 4 1 2 6 3 5 7 6 0 5 0 0 5 6 1 1 9 2 5 1 2 0 1 3 4 4 2 5 1 1 3 8 4 2 3 5 0 7 7 0 8 7 3 0 4 1 1 5 1 1 1 0 4 0 1 4 6 3 0 0 1 7 4 5 5 0 7 3 8 2 7 3 6 4 0 9 2 4 5 0 4 6 1 3 4 0 2 6 2 2 0 5 2 8 8 4 0 0 0 0 2 4 7 0 8 8 4 1 4 3 0 2 4 5 0 6 6 6 2 8 0 2 0 5 1 0 6 6 5 0 5 0 7 4 6 2 4 1 0 2 9 6 2 8 1 5 7 8 7 5 7 0 9 7 0 7 6 2 8 8 5 0 7 3 4 2 3 4 5 6 2 1 5 3 3 2 0 5 1 6 0 9 5 7 5 0 1 4 0 0 2 2 7 2 6 9 0 4 0 1 3 5 6 7 6 1 0 1 6 1 0 7 8 8 1 1 9 7 4 5 0 1 8 1 3 3 2 1 7 0 5 1 0 2 5 6 1 3 1 0 3 2 0 4 6 8 0 2 1 5 
x = 1.8:
2 0 0 4 5 6 9 1 6 6 7 4 6 1 9 1 2 3 0 8 2 5 7 2 4 4 0 5 0 0 1 7 7 0 2 3 4 4 1 2 4 1 7 1 8 0 3 5 2 4 4 4 5 4 5 3 4 6 4 7 3 0 7 9 6 3 7 0 2 7 4 6 4 2 5 3 7 0 3 7 0 5 0 4 3 0 0 0 7 0 3 8 1 0 5 1 4 0 5 3 3 7 2 6 8 4 7 5 6 6 4 2 3 6 1 4 7 2 4 6 3 0 0 3 7 4 9 6 2 4 4 7 8 0 2 4 4 0 3 7 7 5 4 6 0 5 0 2 6 0 0 1 6 3 7 5 2 4 7 1 8 0 8 4 2 7 4 1 1 5 4 3 4 5 6 5 7 3 3 1 5 6 1 4 5 1 8 2 5 9 3 7 9 7 4 5 3 7 7 3 2 4 0 5 6 5 9 0 9 8 0 0 2 5 0 1 2 4 0 4 0 8 6 9 9 9 0 0 3 1 6 4 6 0 0 1 1 7 0 5 6 7 6 4 0 3 7 6 6 6 0 7 9 6 4 6 8 4 2 7 1 3 4 4 2 6 2 7 4 3 5 2 4 7 2 5 0 8 5 3 3 5 2 8 1 7 5 6 3 0 5 5 5 1 5 2 7 1 6 2 7 1 3 6 4 0 0 3 7 1 8 0 4 4 8 1 5 2 0 8 2 0 5 7 1 2 0 8 6 2 5 2 4 8 1 1 1 7 6 4 0 0 0 6 8 6 6 8 8 3 1 0 7 0 0 0 4 7 5 1 3 2 0 9 1 2 4 3 5 3 2 2 0 4 1 7 5 0 0 6 2 7 4 4 0 5 6 7 0 4 1 1 6 2 0 6 0 4 3 
x = 1.85:
7 0 1 0 3 4 0 0 5 6 6 7 1 4 5 2 1 6 5 1 5 7 0 8 1 0 6 8 2 0 8 6 5 5 0 3 4 0 3 2 6 2 6 2 0 6 4 7 5 0 0 6 7 10 5 1 1 4 1 2 5 8 7 6 0 5 0 0 3 8 1 0 0 6 2 3 6 4 8 6 3 8 1 6 7 1 5 2 4 2 3 6 0 7 1 3 1 7 1 1 5 7 7 8 8 6 0 7 6 3 6 6 3 0 1 1 6 8 5 3 6 6 8 6 7 7 6 2 8 7 4 6 4 5 1 0 0 7 6 0 7 3 0 7 3 1 3 2 1 8 3 8 6 8 8 0 3 0 8 6 0 6 0 7 6 1 6 7 8 6 5 5 1 2 4 6 0 8 6 6 4 7 9 0 3 8 1 5 5 1 5 6 1 0 0 1 6 0 5 2 0 3 0 9 2 4 0 5 2 2 2 3 7 7 3 3 9 3 2 2 5 9 4 0 4 3 6 2 5 5 4 9 4 6 9 0 0 0 3 4 2 1 7 9 8 9 3 4 0 0 5 7 5 0 5 4 2 4 2 4 3 7 1 5 9 5 6 1 6 0 0 7 5 4 0 5 3 1 2 5 0 7 2 6 0 6 4 8 5 0 3 4 3 3 4 9 6 0 2 7 0 10 7 7 0 4 2 3 4 1 0 8 1 4 6 8 2 5 2 3 0 0 1 5 6 4 4 7 3 2 2 7 6 4 6 0 8 6 3 5 7 5 2 6 2 2 3 4 1 8 6 7 1 8 0 2 7 4 4 4 0 2 4 1 0 6 5 0 4 3 4 6 3 3 6 8 5 1 3 7 8 7 6 0 0 2 0 2 8 8 6 8 6 4 2 3 0 2 7 
x = 1.9:
2 2 7 9 0 4 6 8 0 7 0 0 0 9 6 4 6 0 9 2 0 5 3 0 0 1 1 0 5 8 3 5 4 0 7 6 5 4 2 0 0 2 0 2 6 1 3 7 1 5 6 5 0 6 0 0 1 3 5 4 5 9 0 8 3 1 2 5 8 3 9 7 6 3 0 5 5 4 5 5 7 4 9 0 0 3 3 7 3 3 9 0 8 2 1 7 6 2 0 8 9 7 6 6 0 5 5 5 2 3 6 0 5 3 5 1 3 7 6 9 5 4 1 4 7 1 1 8 4 4 8 1 0 8 0 4 3 5 3 8 3 4 3 3 7 7 6 5 6 9 5 1 1 1 3 0 8 10 7 7 3 7 4 7 7 1 6 1 5 8 0 2 6 8 0 1 10 2 3 1 0 3 7 5 4 1 1 0 8 6 4 0 1 0 4 7 6 0 6 6 3 8 9 0 0 0 5 2 4 6 0 1 8 0 3 8 8 3 1 0 1 4 3 7 7 5 5 6 4 5 7 0 8 9 0 0 1 0 8 6 4 4 8 2 1 0 6 0 7 6 2 6 7 8 2 9 7 6 6 5 3 7 0 1 4 1 3 5 0 4 7 6 0 0 0 8 7 8 5 8 5 8 8 5 2 6 5 5 4 7 3 8 1 2 0 5 8 0 1 0 4 3 8 6 0 5 3 7 3 5 0 6 4 4 6 0 2 0 4 1 4 1 3 0 1 4 2 3 0 7 3 0 0 6 1 1 1 10 8 0 5 0 5 1 0 5 7 10 3 7 4 7 0 4 2 0 0 3 5 4 0 0 8 6 0 2 7 1 5 6 6 0 5 4 1 3 7 8 7 5 2 5 6 0 0 8 1 4 8 5 4 1 5 3 0 4 0 2 0 
x = 1.95:
0 0 4 0 0 3 0 7 3 4 7 3 5 6 7 5 7 8 1 6 6 8 6 6 0 5 5 8 4 7 2 6 1 5 5 4 9 4 4 6 1 6 0 0 4 2 1 0 3 0 2 6 1 2 5 7 2 7 8 2 7 5 2 0 3 5 3 3 0 2 7 1 4 0 6 4 0 5 6 8 0 2 6 3 0 8 0 8 8 0 6 0 4 3 4 0 4 5 7 5 5 2 1 4 4 1 0 2 7 8 8 4 3 7 3 6 7 4 3 8 1 3 6 3 7 0 2 5 0 4 0 0 9 0 2 8 0 0 3 1 11 2 4 0 0 2 0 0 1 0 3 0 6 4 0 0 4 4 7 0 1 2 2 4 7 7 2 7 9 7 4 5 3 5 4 4 1 0 3 6 4 4 1 4 3 9 1 2 6 2 4 1 8 3 1 8 0 8 0 6 1 2 0 6 7 3 4 3 5 0 9 4 0 6 0 6 0 9 5 0 2 6 8 7 7 9 4 6 4 2 0 4 0 8 3 0 6 7 6 7 9 0 4 7 5 3 2 0 5 0 0 0 7 0 5 4 6 5 0 7 5 6 1 2 6 4 3 1 8 1 5 5 7 5 4 0 2 2 2 8 0 9 8 8 0 1 0 0 0 0 2 2 2 0 1 6 0 7 5 0 1 5 2 5 3 0 2 0 3 6 8 5 7 4 0 0 0 1 4 5 3 0 5 1 2 1 7 7 0 4 3 3 3 2 0 7 7 5 7 7 8 5 5 0 1 7 7 0 2 5 2 4 8 7 8 4 6 3 0 4 2 0 0 8 1 6 4 5 4 9 4 7 0 10 1 9 0 0 1 0 2 1 4 4 3 3 6 1 7 6 0 9 6 8 3 6 0 9 7 
